100000213	429391019	1
1000018877009596416	1396910234195611654	1
1000288907085385728	3096871079	1
1000671732712312832	1033423017781731329	1
1000837419426566144	1428732356022652939	1
1000872195227340800	1030547915427770368	1
1001037676454309888	1485039381798866947	1
1001037676454309888	703910854966829056	1
1001354304358371328	1462854959289053193	1
1001505012235763712	1017079253333143554	1
1001748711729434624	1084193910	1
1001748711729434624	1429815601174810641	1
1001748711729434624	1449522308322938881	1
1001748711729434624	725949864	1
1001997313	1343955493212065794	1
1001997313	1363888045154578434	1
1002665506443268096	8001112	1
100298925	1347852142070145024	1
100298925	1389330506857254915	1
100298925	387663403	1
1004508596	3096871079	1
1004874680	1030547915427770368	1
1004874680	419622371	1
1004874680	858003427	1
1004886276	1288086111806521349	1
1006081105567670272	1108677910800617475	1
1006400634	605614784	2
1006493750	1084193910	1
1006844657194688512	331617619	1
1007028370377531392	1451119733709934596	1
1007744827	1428732356022652939	1
1008739810339639296	384340494	1
1008793418854813696	449929150	1
1008912037	1462854959289053193	1
1008981710489489408	3179856502	1
1009164947887132672	1033423017781731329	1
1009213291309228032	484771907	1
1009362391258288128	332885533	1
1009362391258288128	33994488	1
1009392005674360832	1427376357932208133	1
1009392005674360832	402580562	1
1009420195012792320	1000861194037743616	1
1009420195012792320	1201756713117982721	1
1009420195012792320	8001112	1
1009429105220177920	29953807	1
100964035	1030547915427770368	1
1009753376	1428732356022652939	1
1010100626	429255979	1
1010423353776238592	1392726045082767360	1
1010458403624366080	987991361214472192	1
1010503220307865600	1357070096997511170	1
1010503220307865600	368920797	1
1010539536152227840	506387757	1
1010545074072117248	25676606	1
1010752056	1227962724338065409	1
1010757682293366784	3672854235	1
1010807990	1482316653073506313	2
1011141461084172288	1252591576402071553	1
1011141461084172288	177164070	1
101181771	484771907	1
1011961449521008640	1227962724338065409	1
1012295892718751744	1396910234195611654	1
1012295892718751744	449929150	1
1012415892293083136	843962629	1
1012718378	1053949922003828737	1
1012718378	8001112	1
1012797513148129280	1922840113	1
1012797513148129280	738092501853216768	1
1012869205174243328	4227664641	1
1013543443	1227962724338065409	1
1013543443	843962629	1
1013543443	913847849053548544	1
1013879910	1002865394632314881	1
1013879910	429391019	1
1013954305	1462854959289053193	1
1013954305	2163391283	1
1014859808632197120	2215486250	1
1014859808632197120	3432193193	1
1014882044	2983707267	1
1015293670763921408	1136941687241138176	1
1015440260	3295067231	1
1015881252912627712	484771907	1
1015989050	83449728	1
1017005305	2331802006	1
1017008443104821248	1462854959289053193	1
1018035015463194624	1000861194037743616	1
1018941902866059264	426695764	1
1019264194863132672	1324385804475617281	1
1019264194863132672	2679522658	1
1019279465577418752	1230821016835895296	1
1019499052172546048	1033423017781731329	1
1019525712	1311755732782657536	1
1019585222	1183873050275667970	1
1019914269494792192	1161196922	1
1021306837	862946928958603264	1
1022791477313851392	1729205360	1
1022925477504270336	331617619	1
1023151363956633600	1030547915427770368	1
1023151363956633600	497995758	1
1023826592	1462854959289053193	1
1023826592	8001112	1
1023898490664091648	1053949922003828737	1
1023898490664091648	331617619	1
1024050070881271808	1347852142070145024	1
1024976264	1397757626	1
1024976264	214476890	1
1024976264	998237902055395328	2
1024990563773411328	2479620311	1
1025012509	484771907	1
1025041897	2215486250	1
1025041897	3096871079	1
1025143716	1451119733709934596	1
1025457125311610880	3179856502	1
1025767333988581376	497995758	1
1027130908229468160	1392726045082767360	1
1027756003134263296	1428732356022652939	1
1027810386958053376	1464686485500739596	1
1028524926	1462854959289053193	1
1028524926	440691898	1
1028672100574392320	1227962724338065409	1
1028672100574392320	449929150	1
1029026187778170880	8001112	1
1029066910783160320	1030547915427770368	1
1029413098959130624	1213507642858987520	1
1029690445788590080	517934877	1
1030547915427770368	1093897197668712449	1
103077927	1462854959289053193	1
1031302833012977664	331617619	1
1032081918	1019929135	1
1032209514513293312	1190269940	1
1032209514513293312	1428732356022652939	1
1032209514513293312	1471057951486062595	1
1033310908766924800	3096871079	1
1033990615267270656	1397757626	1
1033990615267270656	454365633	1
1034359078691250176	1462854959289053193	1
1034417863	1034417863	1
1034548849598189568	1246545500033224706	1
1034548849598189568	1857554582	1
1034876533	1030547915427770368	1
1034891730	1161196922	2
1034891730	1426841947029782528	1
1034891730	47154019	1
1035094089182666752	703223969562927104	1
1035460693	1031158965898375168	1
1035460693	763784342	1
1035546902	426695764	1
1035805719789010944	1489031899565678596	2
1036307375744016384	1360232480	1
1036494895	384340494	1
1036837980	426112917	1
1037049997	2983707267	1
1037083278820483072	1343955493212065794	1
1037393713	1194016681716305921	1
1037393713	1463138094962647043	1
1037393713	2232945925	1
1037580640961617920	1462854959289053193	1
1037754192	1455204821242372096	1
1037819534	3096871079	1
1038124587341570048	1004821348730929152	1
1038124587341570048	1428732356022652939	1
1038257431	893939057511866368	1
1038909791966572544	52424550	1
1039960589857157120	1190391127209320450	1
104016647	399560982	1
1040485819	1890713911	1
1040594648845234176	798169665902145536	1
1041399934887624704	1720220132	1
1041688884843700224	484771907	1
1042178539745947648	107517248	1
1042178539745947648	862946928958603264	1
1042482833007239168	1053949922003828737	1
1042482833007239168	1181312294313250816	1
1042482833007239168	2303644001	1
1042482833007239168	252979181	1
1042482833007239168	425686235	1
1042482833007239168	593522933	1
1042482833007239168	8001112	1
1042677486646124544	1442889222772322309	1
1042691054	1455204821242372096	1
1042691054	1471057951486062595	1
1042763174	2794337039	1
1042906497129361408	1161022078084112390	1
1042906497129361408	874606845511565313	1
1044695754	1000861194037743616	1
104489361	1219298065951133696	1
1044907412	725949864	1
1045642030213472256	445475285	1
1046120449762119680	453720551	1
1047208479117758464	1227962724338065409	1
1047701521	1455204821242372096	1
104890510	1462854959289053193	1
1049178288709664768	1343955493212065794	2
1049392167070953472	1444046996143284226	1
1050753675445104640	1356763460995084288	1
1050992695420817408	908256776	1
1051862371373916160	247209095	1
1051906012104540160	1004821348730929152	1
1052983992	1144950428087586817	1
1052983992	1357742474840653825	1
1052983992	4764696798	1
1052983992	725949864	1
1053044102453968896	1030547915427770368	1
1053308170448322560	104170025	1
1053308170448322560	3096871079	1
1053450169	1465053656412213249	1
1054647810421862400	913847849053548544	1
1055118178769080320	1491445378415308801	1
1055356981	2258523345	1
1055356981	858003427	1
1055367092	725949864	1
105538883	725949864	1
1055494906133839872	1347852142070145024	1
1055494906133839872	484771907	1
105563889	1462854959289053193	1
1055695116428607488	1266789496160497664	1
1055695116428607488	236874323	1
1055892264780787712	1434167840718917637	1
1056466845295935488	1455204821242372096	1
1056466845295935488	952583023	1
1056869740600328192	1227962724338065409	1
1057219579200618496	2294116227	1
1058009478875017216	29178622	1
1058341550974033920	449929150	1
1058341550974033920	908256776	1
105858880	41370439	1
105862488	1190391127209320450	1
1058871258413174784	1030547915427770368	1
1058871258413174784	858003427	1
1059033748040310784	1127211707829510144	1
1059033748040310784	2951863185	1
1059033748040310784	972631082	2
1060828194	1030547915427770368	1
1060828194	1347852142070145024	1
1062776392327356416	1462854959289053193	1
1062776392327356416	55270064	1
1063135369	1465053656412213249	1
1063507240471154688	1451119733709934596	1
1063539782888931328	2331802006	1
1063806444380798976	1428732356022652939	1
1063850700696899584	1227962724338065409	1
1064232619	1030547915427770368	1
1064267064431570944	1404360477900263431	1
1064857048653934592	946023563072626693	1
1065330750	517934877	1
1065330750	885789131703537664	1
1066057117818331136	368920797	1
1066996899167838208	1150326714620436480	1
1066996899167838208	952182106670673921	1
1067008310	1031158965898375168	1
1067008310	331617619	1
1067059978719162368	1485039381798866947	1
1067235174478487552	484771907	1
106724705	1161196922	1
1067854512	3096871079	1
1068376968343838720	1462854959289053193	1
1068464303253131264	1462854959289053193	1
1068644270968643584	273053914	1
1068875520572645376	2996281582	1
1070045085784518656	8001112	1
1070109237861343232	1462854959289053193	1
107019869	1343955493212065794	1
107019869	449929150	1
1070370042657890304	8001112	1
107046476	1465053656412213249	1
1070911692	2388911602	1
1071380357415616512	869873746559062017	1
1071406278084345856	1033423017781731329	1
1071501209507373056	16476536	1
1071703460142288896	843962629	1
1071755390365433856	831768450	2
1071858956	2187772128	1
107198263	39484463	1
1072486427479416832	1484529938485198855	1
1072825062091317248	1219298065951133696	2
1072825062091317248	1392726045082767360	1
1072963364425490432	310249622	1
1074045529481457664	1357070096997511170	1
1074085537089314816	107517248	1
1074184686	1030547915427770368	1
1074184686	484771907	1
1074329685532835840	1462854959289053193	1
1074777414268522496	1462854959289053193	1
1075142712268111872	484771907	1
1075329541181190144	1161196922	1
1075329541181190144	29727048	1
1076779266619121664	1020303953974759424	1
1076779266619121664	1095412353427013633	1
1076779266619121664	1479197300698361859	1
1077116208	1343955493212065794	1
1077208244316180480	738092501853216768	1
1077269276	774625071059050496	1
1077868544300339200	391602980	1
1078585581620350976	1285155991927967744	1
1079810941204791296	1050774624	1
1080124150172266496	1420141053735284738	1
1080172761316765696	40436485	1
108024320	254949844	1
1080721419087028224	1462854959289053193	1
1080721419087028224	781392022800306176	1
1081038630	3020531027	1
1081227163	8001112	1
1081290202465947648	1027214104661028864	1
1081962270912143360	384340494	1
1082281620546179072	503845193	1
1082317774070927360	1347852142070145024	1
1082322588653834240	931785941601091584	1
1082670923331833856	2996281582	1
1083268728157073408	3121591703	1
1084094051937325056	538147915	1
108413648	8001112	1
1085291572588097536	1491880562562408456	1
1085291572588097536	908256776	1
1085469962976837632	445201884	1
1085477180	1462854959289053193	1
1085863038	53048130	1
1086691638	1392726045082767360	1
1086691638	1428732356022652939	1
1086702385	1683455144	1
1087029078	2310684649	1
1087107041490100224	247194049	1
1087476792007495680	104170025	1
1087476792007495680	331617619	1
1087849336241905664	1296006171862667264	1
1087849336241905664	1310565298920136705	1
1087849336241905664	1471057951486062595	1
1087849336241905664	531330454	1
1088872705	1030547915427770368	1
1088872705	484771907	1
1089107530247221248	1343955493212065794	1
1089107530247221248	2794337039	1
1089107530247221248	862946928958603264	1
1089424923221782528	331617619	1
1089501629873876992	1024322313779662856	1
1089519374782877696	1350168122976841728	1
1089519374782877696	380526746	1
1089519374782877696	858003427	1
1089922537	449929150	1
1090190906366533632	1430823917145497601	1
1090595970247725056	2929247716	1
1091445798284472320	1241659242404352000	1
1091963502229639168	566428916	1
1091990374401359872	74731429	1
1092166154783809536	863759216581935104	1
1092371936787812352	2794337039	1
1093070466	1347852142070145024	1
1093547596528926720	2794337039	1
1093547596528926720	51522357	1
1094135492885516288	1288086111806521349	1
1094367407878098944	1342223197131993088	1
1094947446	858003427	1
1095677190	1183873050275667970	1
1095677190	448430045	1
1096112870218178560	1308732091337764864	1
1096126365215178752	1360232480	1
1096445798286573568	1347852142070145024	1
1097194150959742976	1459472418389569540	1
1097583624189292544	1446068864710742021	1
1097583624189292544	428010006	1
109817799	521831835	2
1098262302	1187860386277658624	1
1098262302	1194382627672928258	1
1098262302	4459166907	1
1098262302	753299006659371008	1
1099567670	1288086111806521349	1
1099567670	2996281582	1
1100119884489523200	1050774624	1
1100119884489523200	1720220132	1
1100119884489523200	497995758	1
1100119884489523200	73971750	1
1100387403439767552	874968368188719105	1
1101425479469416448	449929150	1
1101425479469416448	8001112	1
1101507421527252992	1000861194037743616	1
1101507421527252992	273053914	1
1101507421527252992	892382794810363904	1
1101963793	484771907	1
110278009	1428732356022652939	1
110372659	1360232480	1
1103812855	419441999	1
110439086	1462854959289053193	1
110439086	484771907	1
110454337	128609313	1
110454337	501750077	1
1104770430	306148468	2
1105021068	3432193193	1
1105806350	23615081	1
1106188385591402496	1050637774548652033	1
1106188385591402496	1254009103032225792	1
1106188385591402496	1462854959289053193	1
1106188385591402496	446477795	1
1106449976	1150355332016816131	1
1106654538512154624	1454101402339397647	1
1106654538512154624	902846987879538688	1
1107221865788071936	331617619	1
1107321252606287872	773588161582825477	1
1107334009	1106591171525136386	1
1108467041927868416	2794337039	1
1109104534775914496	1392726045082767360	1
1109639072	1252591576402071553	1
1109639072	2921038485	1
1109824066612006912	4572998716	1
1110481199162671104	1008697012236308480	1
1110481199162671104	484592934	1
1111301816015298560	1462854959289053193	1
1111694110119870464	1462854959289053193	1
1112726270993936384	29953807	1
111290142	3121591703	1
1114447591138308096	1462854959289053193	1
1114648990816120832	1465053656412213249	1
1114817509910355968	1343955493212065794	1
1114817509910355968	445475285	1
1114817509910355968	49018471	1
1115192245861404672	40436485	1
1115214582631542784	298452328	1
1117145216753049600	252979181	1
1117415327615397888	1254009103032225792	1
1117464055659356160	1455204821242372096	1
1117505746395172864	1462854959289053193	1
1118408123360919552	870195885891874816	1
1121085648423804928	1227962724338065409	1
1121539277597356032	1093522737241513984	1
1123009382	1183873050275667970	1
1123270201984856064	1222871997971095552	1
1123858502118776832	1433430916190195712	1
1124369551305658368	1360232480	1
1125975971851640832	1330689607273492481	1
1126330494	1203597456031834113	1
1126330494	332885533	1
1126330494	477644408	1
1126330494	831768450	2
1127180263275020288	1200414244489060352	1
1127180263275020288	1959181656	1
1127180263275020288	3121591703	1
1127180263275020288	791671008	1
1127585134755106816	449929150	1
1128021863450447872	384340494	1
1128652452130115584	1462854959289053193	1
1130521967864500224	1428732356022652939	1
1130521967864500224	468772443	1
1130594646147719168	1465053656412213249	1
1131645518	17214580	1
1131884179141083136	484771907	1
1132292950669570048	707022920	1
1132653910890635264	1320662809248780288	1
1132653910890635264	1361336834970779653	1
1132696404227502080	1349665428705050625	1
1132696404227502080	1357070096997511170	1
1132696404227502080	292346180	1
1132967503347539968	1356763460995084288	1
1133455818429480960	1462854959289053193	1
1133516726	1720220132	1
1133657174239059968	1219298065951133696	1
1133761049893724160	1030547915427770368	1
1133761049893724160	720995633168052224	1
1133880478891724800	1396910234195611654	1
1134786885807685632	310249622	1
1134823120051822592	542028193	1
1135323564	306148468	1
1136520206900236288	1318517984	1
1136520206900236288	725949864	1
113773249	920270869003415552	1
1139472454118772736	1428732356022652939	1
1140346440260231168	1343955493212065794	1
1140346440260231168	860491562152755202	1
1140637996036820992	1219298065951133696	1
1140692887300136960	1140692887300136960	1
1140861840	384340494	1
1141774519675363328	1227962724338065409	1
1142032210045886464	331617619	1
1143175728046977024	1455204821242372096	2
1143294333900267520	1451119733709934596	1
1144013984795901952	960562443549335554	1
1144913517365145600	1447943962027831301	1
1145734207639101440	8001112	1
1146412314251448320	1000861194037743616	1
1146412314251448320	1465053656412213249	1
1146470265406332928	1462854959289053193	1
1146519594120679424	1392726045082767360	1
1146567252378103808	1227962724338065409	1
1146698519715176448	8001112	1
1147108037204856832	1190391127209320450	1
1148678160	1462854959289053193	1
1148678160	1699569883	1
1149974199596982272	1343955493212065794	1
1150370735216648192	3299546625	1
1150383929045766144	112386378	1
1150383929045766144	610570076	1
1150467950723444736	1433430916190195712	1
1150751883566493696	494946418	2
1150751883566493696	718651225	1
1151435873239670784	1151435873239670785	1
1151954305659936768	1259058397036654592	1
1152447624328425472	1161022078084112390	1
1152447624328425472	3096871079	1
1152592601297694720	1227962724338065409	1
1153176332	278425671	1
1153176332	738414815660670976	1
1154413906028351488	2951863185	1
1154663621617737728	1443868124659466242	1
1155207979	104170025	1
1155207979	1360232480	1
1155207979	1422169613333323778	1
1155207979	725949864	1
1155231451	47626792	1
1155338899067166720	842782930959323137	1
1155711022335967232	593522933	1
1155711022335967232	955421331994050560	1
1155866194341236736	2996281582	1
1156830576592203776	1218962322	1
1157698453394415616	191524366	1
1157781200	177164070	1
1157781200	3179856502	1
1157781200	725949864	1
1157816388477698048	1360232480	1
1157816388477698048	2388790596	1
1158071059561820160	2794337039	1
1158279666840612864	3096871079	1
1158360955685916672	8001112	1
1158455999818280960	1158791818995228672	1
1158636630774886400	1288086111806521349	1
1158686085024800768	449929150	1
1159522170	83449728	1
1159859284357910528	337045369	1
1159915009	331617619	1
1160071044490846208	107517248	1
1160071044490846208	2794337039	1
116050560	1462854959289053193	1
1160826529624023040	1392726045082767360	1
1160826529624023040	1489031899565678596	1
1160826529624023040	725949864	1
1160890629225951232	2996281582	2
1161161429174706176	104170025	1
1161432048353107968	1396910234195611654	1
1161715223402831872	2794337039	1
1161729726286827520	1222922375026573315	1
1161744419038609408	1343955493212065794	1
1162104522312953856	831768450	1
116219246	331617619	1
1162989935495958528	8001112	1
1163031534565285888	1343955493212065794	1
1163031534565285888	1348990498183258117	1
1163096840625164288	631061599	1
1163205920349986816	1227962724338065409	1
1163327576548487168	445475285	1
1163777072139001856	1230821016835895296	1
1163827453	794082124676681728	1
1164078223	1050774624	1
1164078223	497995758	1
1164109878937444352	1150326714620436480	1
1164109878937444352	1396910234195611654	1
1164188192	484771907	1
1164441014234439680	892382794810363904	1
1164470940698316800	725949864	1
1164619170853654528	862946928958603264	1
1164832049963732992	1144950428087586817	1
1164832049963732992	725949864	1
1164923091979526144	3096871079	1
1165612918458769408	1360232480	1
1166155885359652864	2182502256	1
1166155885359652864	425686235	1
1166401156492464128	1144950428087586817	1
1166401156492464128	1360232480	1
1167004816603828224	986263800297984000	1
1167030798	1428732356022652939	1
116762901	1434167840718917637	1
1168202277091516416	1349466010835890177	1
1168202277091516416	2182502256	1
1168223595316883456	2996281582	1
1168229197984215040	1434167840718917637	1
1168876671501512704	449929150	1
1169174599885611008	1428732356022652939	1
1169382144969465856	1096193306	1
1169506849	104170025	1
1169506849	1364939599601168385	1
1169506849	1392726045082767360	1
1169506849	2996281582	1
1169506849	331617619	1
1169506849	406981868	1
1169506849	426695764	1
1170082640235548672	593769519	1
1170382579922612224	1027214104661028864	1
1170382579922612224	191524366	1
1170382579922612224	8001112	1
1170955067710758912	1218962322	1
1171355408172310528	51522357	1
1171784627461251072	387663403	1
1172065298473717760	3096871079	1
1172609270	1343955493212065794	1
1172654034278371328	188743423	1
1172654034278371328	368920797	1
1172851158	1167886748355039232	1
1172851158	440691898	1
1173223843	1485039381798866947	1
1173492787934892032	720995633168052224	1
1173701547492028416	1260465576268488711	1
1174260689713713152	104170025	1
1174975232	429255979	1
1176108408174522368	1222871997971095552	1
1176799646900981760	1219298065951133696	1
1176799646900981760	1451119733709934596	1
1176799646900981760	320181289	1
1176925574	1154698531	1
117701249	718651225	1
117757736	862946928958603264	1
1177590266984837120	1177590266984837120	3
1178291934630207488	8001112	1
1178313325974818816	1004821348730929152	1
117836567	497995758	1
1179962942	919857518960095232	1
1180016617	1168828451534626818	1
1180103866844635136	1150326714620436480	1
1180103866844635136	1396910234195611654	1
1180103866844635136	843962629	1
1180237460065996800	1462854959289053193	1
1180237460065996800	8001112	1
1180711645	1254009103032225792	1
118141653	1190391127209320450	1
1181793053671079936	1150326714620436480	1
1181793053671079936	843962629	1
1183449929907343360	1053949922003828737	1
1184147629673988096	1428732356022652939	1
1184777862336913408	1033423017781731329	1
118513045	892382794810363904	1
1185835405104570368	1404360477900263431	1
1185936551668305920	310249622	1
1186335893524811776	725949864	1
1187106724051849216	1227962724338065409	1
1187380629085790208	1360232480	1
1187813266627710976	1112474438065377280	1
1188172055004536832	1343955493212065794	1
1193645670231629824	2477333779	1
1193645670231629824	595314283	1
1193780617	1019929135	1
1193780617	103060087	1
1193780617	306149997	1
1193780617	763146166620057600	1
1193953542391902208	1462854959289053193	1
1194142449310011392	1360232480	1
1194222550550827008	1024322313779662856	1
1194237907910975488	1194237907910975488	1
1195606272667729920	1462854959289053193	1
1196018762593525760	331617619	1
1196736020	484771907	1
1196810995911528448	1392726045082767360	1
1196960906	2996281582	1
1197025705	1423290967746961418	1
1197158807140483072	429391019	1
1197158807140483072	738092501853216768	1
1197170728141049856	1459472418389569540	1
1197496691223597056	1227962724338065409	1
1197612591549423616	1227962724338065409	1
1198355954678616064	107517248	1
1198582243658289152	1465053656412213249	1
1198582243658289152	55270064	1
1198582243658289152	831768450	2
1198625334	103060087	1
1198915662598549504	1161196922	1
1199065693540536320	1288086111806521349	1
1199407342854561792	1428732356022652939	1
1199424049493004288	1227962724338065409	1
1199661467534012416	2929247716	1
1200755581218381824	2794337039	1
1200853862967660544	1203276396816216064	1
1201022131338981376	1460712403801452548	1
1201107356710588416	1484529938485198855	1
1201691502	1462854959289053193	1
1203357119958986752	4572998716	1
1203604933511122944	1396910234195611654	1
1203604933511122944	843962629	1
1204769736	1227962724338065409	1
1205143751108284416	2970227800	1
1205217770171965440	384340494	1
1205217770171965440	720995633168052224	1
1205217770171965440	869873746559062017	1
120534956	331617619	1
1207254344560791552	1176193698	1
1207254344560791552	1462854959289053193	1
1207298755596341248	1227962724338065409	1
1207583332030124032	406981868	1
1207583332030124032	547501263	1
1207936473472884736	1050637774548652033	1
1208458128523743232	446380041	1
1208488978720141312	29201900	1
1209772065886277632	1000144495499993089	1
1209942123308560384	23615081	1
1211754484826656768	1428732356022652939	1
1211947009	1227962724338065409	1
1212442492018118656	1161196922	2
1213193293439229952	1004821348730929152	1
1214181762240147456	1392726045082767360	1
1214190808393371648	1201756713117982721	1
1214443535476445184	1392726045082767360	1
1214443535476445184	1487390792662593538	1
1214443535476445184	466641456	1
1214443535476445184	862946928958603264	1
12149152	103060087	1
1215678906939990016	1047704917	1
1215678906939990016	8001112	1
1217533345162240000	1294952472713232385	1
1218560115340607488	1462854959289053193	1
1218560115340607488	476629630	1
1220020849652137984	1348185077080010752	1
1220089860180054016	1203597456031834113	1
1220089860180054016	1288086111806521349	1
1220089860180054016	593522933	1
1220728797206646784	331617619	1
1220811823	1462854959289053193	1
1220811823	1465053656412213249	1
1221078933338279936	1201756713117982721	1
1221078933338279936	1462854959289053193	1
1221078933338279936	408562523	1
1221563242977419264	1025657582185271296	1
1221719288	1266649207	1
1221787508998049792	1213507642858987520	1
1222235658305052672	1462854959289053193	1
1223007450179215360	1428732356022652939	1
1223662912713232384	406981868	1
1223662912713232384	566428916	1
1224294333127569408	763784342	1
1224809573913124864	1158791818995228672	1
1224809573913124864	4871507764	1
1224809573913124864	763146166620057600	1
1224996284	1243278293454987265	1
1225341095699238912	104170025	1
122639408	1460506982637621255	1
122639408	725949864	1
1226433999041679360	1396910234195611654	1
1226537390690521088	1105341553965522945	1
1226537390690521088	1349466010835890177	1
1226537390690521088	1462854959289053193	1
1226537390690521088	2182502256	1
1226537390690521088	700469676846018560	1
1226887419246645248	428010006	1
1227177699938095104	1227962724338065409	1
1227243021885853696	1227962724338065409	1
1227243021885853696	1329066622783533058	1
1227633852753104896	1219298065951133696	1
1227633852753104896	1451119733709934596	1
1227982760	1030547915427770368	1
1228114681	1219298065951133696	1
1228603615125868544	2951863185	1
1228754192317263872	247209095	1
1228779720944357376	1462854959289053193	1
1229157865266520064	368920797	1
1229157865266520064	440691898	2
1229171145997455360	841722103497924608	1
1229474031990181888	331617619	1
1229486596350672896	593522933	1
122976053	1219298065951133696	1
122976053	1428732356022652939	1
122976053	725949864	1
1229882905	150725695	1
1231899811	104170025	1
1232613215110074368	1161196922	2
1232613215110074368	1392726045082767360	1
1232613215110074368	725949864	1
1233041058264690688	1428732356022652939	1
1233069623463030784	1176749662155530240	1
1233424138028666880	1462854959289053193	1
1233777638742908928	2163391283	1
1234391322	593522933	1
1234458775	1241659242404352000	1
1234787947	1434167840718917637	1
1235285426	484771907	1
1235450596850913280	1181312294313250816	1
1235787038785507328	781392022800306176	1
1236255995984297984	1219298065951133696	1
1236261393109835776	858003427	1
1236343528747347968	1428732356022652939	1
1236379816431169536	2893414655	1
1236379816431169536	331617619	1
1236800418304450560	2987790683	1
1236800418304450560	440691898	1
1236977519083114496	1426841947029782528	1
1237045959789613056	1428732356022652939	1
1237051288292134912	831768450	1
1237412293090127872	193235156	1
1237870552263446528	39484463	1
1238033007631650816	1343955493212065794	1
1238080592618676224	425686235	1
1238080592618676224	8001112	1
1238131477981941760	32434307	1
1238170079294115840	1288086111806521349	1
1238208769819099136	595314283	1
1238499052364464128	1455204821242372096	1
1238499052364464128	1683455144	1
1238509058396692480	1404360477900263431	1
1238888091986866176	1053949922003828737	1
1238888091986866176	1462854959289053193	1
1239043448566681600	437533038	1
1239559948822077440	1434167840718917637	1
1239873644588908544	831768450	1
1239911258054447104	1428732356022652939	1
1239966136491483136	3121591703	1
1239966136491483136	331617619	1
1239969355280105472	1219298065951133696	1
1239969355280105472	725386410358878208	1
1240078006451949568	1243312284	1
1240191309526302720	1030547915427770368	1
1240191309526302720	484771907	2
1240191309526302720	497995758	1
1240214959776239616	1053949922003828737	1
1240214959776239616	595314283	1
1240214959776239616	605614784	1
1240722288368062464	1462854959289053193	1
1240722288368062464	1465053656412213249	1
1241114176275255296	1462854959289053193	1
1241114176275255296	8001112	1
1241472625785942016	2794337039	1
1241472625785942016	3096871079	1
1241497781640089600	1462854959289053193	1
1241824734	2794337039	1
1242368743835082752	1219298065951133696	1
1242561166704082944	2204706469	1
1243205836253659136	593522933	1
1243305305162866688	1360232480	1
1243305305162866688	725949864	1
1243500253174775808	1161196922	1
1243500253174775808	304899193	1
1243500917137313792	1150326714620436480	1
1243575912337113088	1190269940	1
1243575912337113088	1192578464	2
1243575912337113088	1471057951486062595	1
1243670514389987328	1491311032127692800	1
1243701700600479744	1396910234195611654	1
1243701700600479744	843962629	1
1244058540798619648	440691898	1
1244199163648147456	331617619	1
1244380660812394496	1392726045082767360	1
1244902114700255232	1428732356022652939	1
124528185	521831835	1
1245291955636113408	15254807	1
1245613809596641280	1227962724338065409	1
1245613809596641280	843962629	1
124594588	1318525996216307715	1
124594588	1465053656412213249	1
124594588	306148468	3
124594588	528358780	1
1246006761175293952	1219298065951133696	1
1246076451549351936	191524366	1
1246088563529302016	331617619	1
1246378567426072576	1477034369160204295	1
1246378567426072576	1683455144	2
1246545500033224704	1246545500033224706	1
1247136845995167744	1455204821242372096	1
1247558843955064832	1000861194037743616	1
1248365893681283072	862946928958603264	1
1248522361	368920797	1
1248592634752401408	193235156	1
1248614471209119744	2215486250	1
1248691356719030272	387663403	1
124870611	444921429	1
1248720926142840832	331617619	1
1248766388354850816	1411497101163470857	1
1248766388354850816	331617619	1
1248946365100625920	1093897197668712449	1
1248946365100625920	1259886807535308800	1
1248946365100625920	1347852142070145024	1
1248950663880605696	2996281582	2
1248950663880605696	455999497	1
1248950663880605696	78567974	1
1249401457700483072	304899193	1
1249412358637666304	331617619	1
1250020285	1360232480	1
1250020285	1392726045082767360	1
1250435010697388032	1462854959289053193	1
1250435010697388032	1465053656412213249	1
1250669646765834240	1343955493212065794	1
1251089251	595314283	1
1251659924620414976	1392726045082767360	1
1251659924620414976	610570076	1
1251659924620414976	893939057511866368	1
1251764705712132096	1465053656412213249	1
1251810252732973056	1031158965898375168	1
1251810252732973056	862946928958603264	1
1252181674256990208	5893702	1
1252728599301496832	1219298065951133696	1
1252899638937616384	1212822049401393152	1
1252899638937616384	725949864	1
1252916914323587072	843962629	1
1253009145512497152	1019929135	1
1253310258656825344	1458064736470319108	1
1253714305750650880	264774390	1
125374717	1455571620018393094	1
1254114325343674368	2563931132	1
1254169421914013696	1053949922003828737	1
1254388189298601984	1462854959289053193	1
1254406260142813184	725949864	1
1256599404	1476294775057829890	1
1256632964324167680	566428916	1
1256926144168853504	316326140	1
1256926144168853504	331617619	1
1256926144168853504	893939057511866368	1
1257213938707595264	2794337039	1
1257622974	1000861194037743616	1
1257622974	2331802006	1
125851628	858003427	1
1258741841371029504	1462854959289053193	1
1258828525982961664	1286071847373680640	1
1258828655591075840	1426841947029782528	1
1258828655591075840	1475477847124885513	1
1258828655591075840	947166162072334336	1
1258867179191259136	1219298065951133696	1
1258867179191259136	745704596	1
1259097121392930816	781392022800306176	1
1259211173641232384	78567974	1
125941209	1161196922	2
1259684209	1462854959289053193	1
1259795247925690368	1360232480	1
1260236809709260800	1093522737241513984	1
1260470225893539840	1403751908125331456	1
1260555080	1451119733709934596	1
1261067028783341568	447231894	1
1261326532787699712	3314742585	1
1261350182702252032	595314283	1
1261985035269308416	2377487094	1
1262043650726465536	8001112	1
1262318193001074688	1230821016835895296	1
1262323687933587456	724272164686446592	1
1263446549142659072	1399254564910645248	1
1263879534337822720	1219298065951133696	1
1265052798	497995758	1
1265307863892795392	331617619	1
1265375377	1453282570582568960	1
1265375377	368920797	1
1265579090	2996281582	1
1265579090	625712362	1
1265762242584338432	1360232480	1
1265762242584338432	1434167840718917637	1
1265964896090456064	1265964896090456064	1
126727689	104170025	1
126727689	1404360477900263431	1
126727689	49018471	1
126727689	725949864	1
126727689	738092501853216768	1
1267446498737954816	1428732356022652939	1
1267446498737954816	484771907	1
1267471147257466880	1227962724338065409	1
1268557423649992704	90422349	1
1268953866	2858863684	1
1268953866	2996281582	2
1268998861101596672	1311755732782657536	1
1268998861101596672	1426841947029782528	1
1271688692357378048	1462854959289053193	1
1271793704374861824	1271793704374861825	1
1273004575	1155459166380744709	1
1273004575	1428732356022652939	1
1275763175452016640	1288086111806521349	1
1277339076362932224	738092501853216768	4
1279126399295651840	2525778087	1
1280150521748348928	331617619	1
1287141172947935232	1032581003548811265	1
128735469	738092501853216768	1
128735469	949372327	1
1289995760507985920	1428732356022652939	1
1289995760507985920	1455204821242372096	1
1290357627852148736	1246908203230781440	1
1290588940731326464	1019929135	1
1290588940731326464	1190391127209320450	1
1290588940731326464	1360232480	1
1292496140651450368	1392726045082767360	1
1292859248955854848	1419247616089600007	2
1292859248955854848	1427376357932208133	1
1292859248955854848	776465110856589312	1
1293159098138202112	1218962322	1
1293952720269910016	1288086111806521349	1
1294286709279129600	1004821348730929152	1
1297440859265339392	725949864	1
1297440859265339392	738092501853216768	2
1298528549591224320	1434167840718917637	1
1302258518221828096	952583023	1
1305225313836822528	745704596	1
1309160994996916224	1161196922	2
1309160994996916224	359462299	1
1309160994996916224	45391358	1
1313354509968642048	1343955493212065794	1
1313354509968642048	1392726045082767360	2
1313354999192322048	331617619	1
1317787853569593344	123920914	1
1317787853569593344	3368033855	1
1317787853569593344	78567974	1
1319057610	1000861194037743616	1
1319057610	1011308525807693829	1
1319057610	1462854959289053193	1
1319057610	1465053656412213249	1
1319057610	2303644001	1
1319057610	48835437	1
1321801194294157312	1302616789348691968	1
1321801194294157312	1451119733709934596	1
1323141601129123840	1161022078084112390	1
1326285636693798912	1343955493212065794	1
1326415548582866944	893939057511866368	1
1327379712189095936	76032022	1
1329518175730491392	29953807	1
1338860689692131328	445475285	1
1338860689692131328	453720551	1
1339923900801708032	1364939599601168385	1
1339923900801708032	2794337039	1
134140304	331617619	1
1344976301111783424	264774390	1
1346523482553774080	3096871079	1
1346540420579340288	331617619	1
1347491738	517934877	1
1348350961312530432	862946928958603264	1
1349467232	1455204821242372096	1
1350791900077371392	1471057951486062595	1
1350851479045877760	1350851479045877763	1
1351192180019359744	1294952472713232385	1
1352610294615437312	1343955493212065794	1
1352720317823803392	952124790	1
1353069759852474368	1219298065951133696	2
1356221082521493504	420351046	1
1358749385211998208	1230821016835895296	1
1358749385211998208	1465053656412213249	1
1360232480	725949864	1
1360978420084137984	1389683859994906624	1
1363772105905627136	1343955493212065794	1
1363772105905627136	1467559050493706244	1
1364131801619435520	1020303953974759424	1
1364939599601168384	1364939599601168385	5
1364939599601168384	359462299	1
1369640371697942528	1311755732782657536	1
1369640371697942528	2794337039	1
1370387662956298240	1451119733709934596	1
1371456196679450624	1471057951486062595	1
1371468588796805120	1360232480	1
1372630004270530560	1455204821242372096	1
1373619394102898688	1434167840718917637	1
1381690255	3247192033	1
1383804619487289344	1455204821242372096	1
1385265387546238976	900766265245130753	1
1388269877291634688	725949864	1
1388476325372043264	1404360477900263431	1
1388476325372043264	331617619	1
1388854795	1311755732782657536	1
1388854795	1428732356022652939	1
1388854795	320181289	1
1389470912	29727048	1
1391766884052254720	1241659242404352000	1
1392947252256202752	32434307	1
1393255723015057408	1360232480	1
1393255723015057408	331617619	1
1396191637802520576	1219298065951133696	1
139765259	104170025	1
139765259	490139250	1
1400231731647688704	304899193	1
1401075900477841408	1401075900477841411	1
1401911906	1219298065951133696	1
1401911906	1360232480	1
1404794351721533440	1001200038624849925	1
1404794351721533440	1285337506171572227	1
1404794351721533440	1938400746	1
1404794351721533440	835050144194260992	1
1406245463137914880	1462854959289053193	1
1406245463137914880	425686235	1
1408178097652965376	429391019	1
1408783844342439936	1019929135	1
1408783844342439936	2865436081	1
1408827164	1411497101163470857	1
1409849444	1246908203230781440	1
1409849444	314537220	1
1411101427724914688	1219298065951133696	1
1412396750015537152	1311755732782657536	1
1412791389272805376	1311755732782657536	1
1412791389272805376	1356763460995084288	1
1412791389272805376	3096871079	1
1412791389272805376	610570076	1
1413489971386748928	1015293670763921413	1
1414542574967218176	331617619	1
1414582813416988672	76032022	1
1414952446716153856	902846987879538688	1
1414955644596129792	1471057951486062595	1
1414955644596129792	448784921	1
1416071387295408128	1343955493212065794	1
1416071387295408128	1360232480	1
1417374328849641472	1364939599601168385	1
1417435709422686208	1343955493212065794	1
1421936444675923968	1200449290973396996	1
1423724747402223616	1392726045082767360	1
1424014391712829440	1360232480	1
1424671436627709952	900766265245130753	1
1425194624033902592	1343955493212065794	1
1425199700286885888	1471057951486062595	1
1427763146526281728	827344747	1
1428389073702510592	976824487340658688	1
1428767360	1392726045082767360	1
1428767360	725386410358878208	1
1429231388394467328	1428732356022652939	1
1429231388394467328	1476294775057829890	1
1430063748082020352	1343955493212065794	1
1430063748082020352	1485039381798866947	1
1430865389114871808	1272902342032134150	1
1431564954788839424	1015293670763921413	1
1432801281081548800	331617619	1
1433449383039836160	331617619	1
1433786199597101056	899916452068823040	1
1434424256532815872	1372969163812126727	1
1434605487513870336	1434167840718917637	1
1435036992056737792	1360232480	1
1435036992056737792	49018471	1
1435252991746101248	29727048	1
1435369757969092608	331617619	1
1436082984126386176	1243278293454987265	1
1437460740621938688	1445118390700498957	1
1438838832774930432	2794337039	1
1439847612077821952	1219298065951133696	1
1441036749396926464	1349303685243932672	1
1441036749396926464	725949864	1
144313291	1343955493212065794	1
1443868124659466240	1029428054324649984	1
1443994474301038592	1212822049401393152	1
1444598883099762688	1392726045082767360	1
1444933507265056768	104170025	1
144571052	862946928958603264	1
14459385	1720220132	1
14459385	376298468	1
1448291723487100928	725949864	1
1448557296	1020303953974759424	1
1448754755111723008	1219298065951133696	1
1448955933305016320	1356763460995084288	1
1449140701627879424	331617619	1
1450353177887444992	1423228500635439105	1
1450868904989966336	1219298065951133696	1
1450878112485552128	331617619	1
1451265698253189120	390340887	1
1453276615891369984	331617619	1
1454078128364605440	49018471	1
1454101402339397632	3086865365	1
1454361574819438592	3432193193	1
1458064813947506688	879441189380001792	1
1458353148746162176	725949864	1
1458719891322814464	1031158965898375168	1
1459901869497724928	2932297229	1
1460389568734187520	1683455144	1
1460594399553933312	1311755732782657536	1
1462329360627683328	1462329360627683333	1
1464282409843793920	2215486250	1
1467622232935571456	1285155991927967744	1
1470292730886692864	1343955493212065794	1
1470493902109134848	1285155991927967744	1
1472569703428247552	1029428054324649984	1
1472569703428247552	1428732356022652939	1
1472569703428247552	4221418967	1
1472994252758167552	150725695	1
1473362297942949888	725949864	1
1474895624843800576	1392726045082767360	1
1476285793626992640	745704596	1
1477216659299520512	1364939599601168385	1
1477274601185062912	1186592658271232000	1
1477274601185062912	1471057951486062595	1
1477274601185062912	368920797	1
1477274601185062912	893939057511866368	1
1479753290405584896	1479753290405584897	1
1479789695668207616	1455204821242372096	1
1480559052702760960	1288086111806521349	1
1480559052702760960	390340887	1
148069573	331617619	1
1480916331084062720	2794337039	1
1480952772371570688	2794337039	1
1481615365897658368	2996281582	1
1481615365897658368	449929150	1
1481642269132288000	2794337039	1
1481642269132288000	331617619	1
1484123837696548864	3039574767	1
1485039381798866944	3121591703	1
1485937615899709440	1160826529624023041	1
1485937615899709440	738092501853216768	5
1486934372733362176	1455204821242372096	1
1487758845510303744	331617619	1
1488488075378499584	1428732356022652939	1
1488628064494006272	1246908203230781440	1
1488737575535882240	725949864	1
1489731335300202496	1392726045082767360	1
1489731335300202496	725949864	1
1490467644272791552	3121591703	1
1490722471347204096	1404360477900263431	1
1491304253830352896	1428732356022652939	1
1491343138350411776	1030547915427770368	1
1491343138350411776	1347852142070145024	1
1491913065843118080	104170025	1
1491913065843118080	1428732356022652939	1
1491913065843118080	797506411148312576	2
1492069891968573440	1219298065951133696	1
1492194784370429952	1366680092	1
1492229341828333568	1032581003548811265	1
1492229341828333568	1391169980662755328	4
1492229341828333568	1426841947029782528	1
1492229341828333568	449929150	1
1492260539845783552	1000861194037743616	1
1516149242	1516149242	1
1518699715	2359361178	1
152228746	1349620189214748672	1
152399636	8001112	1
1557557558	331617619	1
1557557558	952583023	1
158106087	1219298065951133696	1
1592972636	1302948250316681216	1
1647344210	41370439	1
1684468244	1019929135	1
168782371	253192642	1
168782371	445201884	1
1701836234	725949864	1
1728224730	1364939599601168385	1
1728224730	1427632842075475968	1
179496198	3179856502	1
186221116	1360232480	1
186221116	252822331	1
1890600458	331617619	1
18935802	365462238	1
1895353393	1428732356022652939	1
1895353393	331617619	1
1965506556	264774390	1
201421240	1000861194037743616	1
201421240	1201756713117982721	2
206832958	1219298065951133696	1
20849130	1255103082976985091	1
209809831	420351046	1
210822189	1030547915427770368	1
2196650893	831768450	1
22004738	1465053656412213249	1
22038676	104960470	1
22038676	210501383	1
2207852354	331617619	1
2207852354	406981868	1
2207984680	1219298065951133696	1
2234580853	1360232480	1
2235916268	1489031899565678596	1
2255392334	2331802006	1
2256727137	384340494	1
2256727137	720995633168052224	1
2303836510	1019929135	1
2322670973	445475285	1
2322947462	1363484342425640962	1
2324171570	1322547426188763139	1
2324171570	2324171570	1
233546601	560509154	1
233546601	8001112	1
2351521726	1084193910	1
2360271321	26063188	1
2363922944	1190391127209320450	1
2364603574	1557514573	1
2366790998	297884272	1
2374797942	1360232480	1
2385068164	331617619	1
2388911602	738092501853216768	1
2391090577	1201756713117982721	1
2391090577	1254009103032225792	1
2391090577	2391090577	1
2396920220	500882938	1
2397689598	138736601	1
2415662937	951246650	1
2417474756	331617619	1
2431870516	1030547915427770368	1
244081502	41370439	1
2480323358	738414815660670976	1
2495410641	1008806545	1
2497631817	331617619	1
2525778087	331617619	1
2558719822	43629364	1
256508868	1462854959289053193	1
2588246800	484771907	1
2595566549	1343955493212065794	1
2595566549	331617619	1
260376774	358890729	1
2605826035	1004490910783229952	1
2615476385	1246752189219049472	1
2615476385	1343955493212065794	1
2656984642	1265964896090456064	1
2669278394	8001112	1
2675356905	1190391127209320450	1
268452474	725949864	1
2740453302	1144950428087586817	1
2740453302	2996281582	1
2749566881	1347852142070145024	1
2751782307	1161196922	1
2751782307	1343955493212065794	1
2751782307	992112444	1
2772829228	1368793633	1
2773663610	1144950428087586817	1
280543999	2831933978	1
283416650	1428732356022652939	1
283416650	429391019	1
283416650	725949864	1
2855267981	368922164	1
2871560767	1219298065951133696	1
287566348	1219298065951133696	1
2892228652	1032581003548811265	1
2892228652	1392726045082767360	1
2895077031	1017112352158863365	1
2895077031	1403751908125331456	1
2895077031	26063188	1
2895077031	466641456	1
2925202559	831768450	2
29416653	497995758	1
2967886973	3432193193	1
2968605063	1428732356022652939	1
2971373548	1455204821242372096	1
3004247111	1471057951486062595	1
3010552077	1437460740621938694	1
306148468	306148468	1
306148468	528358780	1
3099826691	32434307	1
3105679259	1055118178769080320	1
3105679259	1294952472713232385	1
3108714250	1290264620184330241	1
3108714250	1471057951486062595	1
3120386790	1294952472713232385	1
314537220	2794337039	1
3147901233	1219329455115657217	1
3155682418	566428916	1
3159374739	445201884	1
3176594760	1443868124659466242	1
3176594760	712260921930997760	1
3179856502	320181289	1
319537863	1219298065951133696	1
3222530686	1423290967746961418	1
324289750	610570076	1
3244161467	725386410358878208	1
3253796020	1392726045082767360	1
326093861	1910944279	1
326093861	306148468	1
3261069747	1343955493212065794	1
326150500	1343955493212065794	1
326150500	3412937404	1
327000680	1428732356022652939	1
3298655780	1219298065951133696	1
3298655780	1434167840718917637	1
3307400673	1356763460995084288	1
3307400673	426112917	1
3307400673	998237902055395328	1
3327805900	1420391943654322183	1
3345683158	231198437	1
3366460893	1019929135	1
3366460893	1428732356022652939	1
3366460893	76032022	1
337045369	2174124768	1
337135931	1030547915427770368	1
3376155838	1428732356022652939	1
3376155838	76032022	1
342077368	1392726045082767360	1
34885604	232908749	1
350130593	907302736496132096	1
359462299	1392726045082767360	2
3602153362	1392726045082767360	1
3676549834	29416653	1
3676549834	469677548	5
373049625	397176329	1
378431869	264774390	1
382539264	1219298065951133696	1
382539264	1485039381798866947	1
385071847	908256776	1
389395835	2232945925	1
389395835	2792682875	1
389395835	306148468	1
389395835	389395835	1
389395835	528358780	1
39338497	1462854959289053193	1
396142577	8001112	1
400043384	1360232480	1
4075286020	331617619	1
411653598	1024322313779662856	1
412936122	33994488	1
414108131	1219298065951133696	1
414108131	1471608194	1
414108131	563670349	1
414108131	998237902055395328	1
418639778	954758785	1
419421043	90912787	1
420419717	1471057951486062595	1
420419717	331617619	1
420419717	952583023	1
420635476	1450283846	1
4227664641	1462854959289053193	1
423088643	3110388185	1
425803153	2794337039	1
426112917	1004821348730929152	1
426112917	126727689	1
426112917	1451119733709934596	1
429715292	1462854959289053193	1
429715292	542488894	1
4320197602	1462854959289053193	1
432516884	1053949922003828737	1
432516884	55270064	1
433232341	1428732356022652939	1
436188255	1343955493212065794	1
436188255	1451119733709934596	1
4372515753	2794337039	1
4394909499	2215486250	1
4459166907	1194382627672928258	1
4459166907	753299006659371008	1
449736439	1019929135	1
4514320401	1004821348730929152	1
453385088	607213690	1
45392303	331617619	1
454365633	454365633	1
455266241	1443868124659466242	1
461937617	331617619	1
464855487	1462854959289053193	1
465471132	3096871079	1
465483449	2794337039	1
465921722	2989721327	1
465921722	725949864	1
470180296	136767243	1
48182327	1161196922	1
4831277907	862946928958603264	1
4851430133	103060087	1
4853628435	2786931383	1
4853695089	1360232480	1
4853695089	1386937209639653378	1
4853695089	1392726045082767360	1
4853695089	445475285	1
487430671	1343955493212065794	1
488844512	1219298065951133696	1
4900894731	1428732356022652939	1
491591759	1462854959289053193	1
492366149	1428732356022652939	1
493833883	76032022	1
494358540	893939057511866368	1
496862827	2377487094	1
498068054	1343955493212065794	1
499876766	1144950428087586817	1
499876766	1364939599601168385	1
500929319	1219298065951133696	1
504249870	2996281582	1
504558286	1111179646538842112	1
51759517	1219298065951133696	1
518486571	1343955493212065794	1
518486571	331617619	1
52424550	274095255	2
545163313	477644408	1
549050267	976824487340658688	1
554336117	384340494	1
554336117	858003427	1
555556029	1376998879313461251	1
556350111	1000861194037743616	1
556350111	1462854959289053193	1
558651454	1462854959289053193	1
560353561	1476294775057829890	1
562177112	862946928958603264	1
562293038	1434167840718917637	1
56398485	831768450	1
566361704	831768450	1
568142347	2771636649	1
576128417	1176749662155530240	1
585763292	1428732356022652939	1
585763292	593522933	1
58864849	484771907	1
594465880	40436485	1
600103280	1004821348730929152	1
600136789	1246908203230781440	1
600136789	500882938	2
602034364	1324385804475617281	1
602034364	3121591703	1
606823551	1311755732782657536	1
609509895	104170025	1
609509895	831768450	1
704662373483864064	29953807	1
706097800040357888	304899193	1
706097800040357888	3121591703	1
712571565305700352	2794337039	1
712571565305700352	725949864	1
713498795347218432	1004490910783229952	1
714167586	103060087	1
718054277	1027214104661028864	1
720298583296061440	104170025	1
730365142454636544	1392726045082767360	1
730365142454636544	1426841947029782528	1
730365142454636544	4572998716	1
736596690	1171424934565838855	1
738350242597310464	1428732356022652939	1
740712360	1019929135	1
744984726080004096	1030547915427770368	1
754395750499491840	1212822049401393152	1
757521873743798272	104170025	1
761121380	1392726045082767360	1
7622952	626803701	1
763310989232177152	1343955493212065794	1
763310989232177152	1392726045082767360	1
764201799217717248	1219298065951133696	1
766601799155449856	1234825597194579968	1
766601799155449856	1281151826746920960	1
772938597137801216	29727048	1
776430344841101312	1019929135	1
776430344841101312	1426841947029782528	2
776430344841101312	1428732356022652939	1
776430344841101312	76032022	1
776465110856589312	776465110856589312	2
778933906825482240	3121591703	1
786048613503819776	3432193193	1
789281882	550555137	1
789715311088001024	1462854959289053193	1
789715311088001024	449929150	1
790152050948575232	454365633	1
790152050948575232	707022920	1
792731002900709376	1428732356022652939	1
797374091959406592	304899193	1
797376987170045952	1000861194037743616	1
802097584332558336	1250020285	1
802097584332558336	1428732356022652939	1
804354408	3292873475	1
821147892	1343955493212065794	1
821147892	707022920	1
821343	331617619	1
827344747	827344747	1
828306291756060672	862946928958603264	1
831860163372015616	3130507677	1
837019878611685376	1004821348730929152	1
837019878611685376	126727689	1
837019878611685376	725949864	1
837743712310542336	191524366	1
838745729296449536	1347852142070145024	1
838745729296449536	1462854959289053193	1
838745729296449536	384340494	1
84193474	1311755732782657536	1
84193474	1455204821242372096	1
84193474	3179856502	1
84193474	320181289	1
846016786688593920	1392726045082767360	1
856380782847422464	3096871079	1
860917372835827712	2794337039	1
860948919831887872	264774390	1
862970692958138368	331617619	1
873504593719721984	1035247448866934787	1
873504593719721984	1683455144	1
876376471224410112	1451119733709934596	1
879441189380001792	879441189380001792	1
883724976158887936	1272902342032134150	1
883724976158887936	1295657967564595201	1
883724976158887936	1345033794529714178	1
883724976158887936	1434782466036932608	1
883724976158887936	1487549134341120003	1
883724976158887936	598099637	1
883724976158887936	862946928958603264	1
883736059334537216	1177857412524658689	1
884782095893188608	70971449	1
884782095893188608	943479009807077376	1
885303356	1428732356022652939	1
893527335789580288	1343955493212065794	1
893527335789580288	331617619	1
895074662	1460506982637621255	1
895568973789630464	1254009103032225792	1
895568973789630464	23615081	1
895568973789630464	625712362	1
895568973789630464	8001112	1
899281777453355008	1219298065951133696	1
90045262	1360232480	1
918356953113481216	2996281582	1
919559116598775808	781392022800306176	1
920005244	1004490910783229952	1
920824484	1033423017781731329	1
92260294	104761548	1
92260294	1428732356022652939	1
92260294	1455204821242372096	1
936010797217656832	1364939599601168385	1
936010797217656832	501750077	1
936284727794860032	448430045	1
949599661471555584	1428732356022652939	1
956636032002396160	331617619	1
958958707840311296	210501383	1
959237674707103744	1219298065951133696	1
964460408	419622371	1
966702165095059456	1428732356022652939	1
966702165095059456	1455204821242372096	1
966702165095059456	445475285	1
966702165095059456	725949864	1
971478762100613120	858003427	1
972904701888028672	2794337039	1
974579030	952583023	1
975658764752781312	1121842509519437825	1
975658764752781312	1343955493212065794	1
977605577827389440	135267045	1
977605577827389440	1462854959289053193	1
97948686	1219298065951133696	1
97948686	1302616789348691968	1
97948686	2893414655	1
981430933269241856	425317597	1
981843302432608256	1451119733709934596	1
981843302432608256	435673164	1
986140489	1047704917	1
988479725692735488	1347852142070145024	1
99702635	1019929135	1
99702635	112386378	1
99702635	1372968120034426887	1
997450507751952384	1397757626	1
997450507751952384	1455204821242372096	1
997450507751952384	4777703303	1
