1000144495499993088	155695954	1
1000713556264935424	83449728	1
1000857460926709760	1103693880388657152	1
1000857460926709760	8001112	1
1000872195227340800	49427517	1
1000872195227340800	869873746559062017	1
1000872581258498048	792731002900709376	1
1001006498082934784	1077691849	1
1001006498082934784	24152905	1
1001006498082934784	383116512	1
1001006498082934784	444101286	1
1001057886322216960	854426041741398017	1
1001354304358371328	8001112	1
1001442932	873830336	1
1001472962300731392	104170025	1
1001472962300731392	1364560082760040450	1
1001472962300731392	419441999	1
1001472962300731392	4572998716	1
1001505012235763712	8001112	1
1001748711729434624	1044496597441236992	1
1001748711729434624	1230398396445401088	1
1001748711729434624	1292430232625053696	1
1001748711729434624	1298885064	1
1001748711729434624	1482409377898377217	1
1001748711729434624	1548297294	1
1001748711729434624	155695954	1
1001748711729434624	199656773	1
1001748711729434624	2439937320	1
1001748711729434624	3026367370	1
1001748711729434624	5404582	1
1001748711729434624	768737826234044416	1
1001748711729434624	888003701293625344	1
1001748711729434624	95698009	1
1002167748326318080	1428732356022652939	1
1002167748326318080	49685654	1
1002515120	104170025	1
100298925	1102633189019926528	1
1003410897220571136	104170025	1
1003410897220571136	419441999	1
1003651835557801984	497995758	1
1003654303	501750077	1
1004217435355058176	1246908203230781440	1
1004766856434110464	155695954	1
1004821348730929152	548631951	1
1004967978386026496	1093169770936102912	1
1005212545	8001112	1
1005911696316293120	1428732356022652939	1
1006057344042766336	1463451886741123072	1
1006081105567670272	1011271767292350465	1
1006493750	84853836	1
1006529804315889664	155695954	1
1007584526971924480	1173223843	1
1007934076903481344	248203298	1
1008739810339639296	14575613	1
1008739810339639296	2266503746	1
1008739810339639296	383116512	1
1008739810339639296	484771907	1
1008739810339639296	49427517	1
1008739810339639296	877570096302051328	2
1008739810339639296	898851116145946624	1
1008739810339639296	971075728438710274	1
100878763	1367627551	1
100878763	155695954	1
100878763	2335615140	1
100878763	96947016	1
1009031048762679296	51759517	1
1009068139	114412418	1
1009362391258288128	2213170646	1
1009362391258288128	500882938	2
1009420195012792320	1009420195012792323	1
1009420195012792320	8001112	1
1009429105220177920	155695954	1
1009537143813955584	1198427719	1
1009537143813955584	383116512	1
1009537143813955584	869873746559062017	1
1009537143813955584	881001960	1
1009590384853385216	1396567588134694916	1
1009590384853385216	230470477	1
1009590384853385216	4705532839	1
1009753376	419441999	1
1009753376	467401158	1
1009753376	696736903857577986	1
1009925083	160880868	1
1010100626	1077691849	1
1010144072638582784	1246908203230781440	1
1010423353776238592	1460947166839685128	1
1010427995348176896	2176041849	1
1010448068	2360515482	1
1010503220307865600	1265964896090456064	1
1010503220307865600	3151000540	1
1010525673469988864	2346570771	1
1010600056582492160	305236970	1
1010600056582492160	49356718	1
1010757682293366784	1425194624033902594	1
1010757682293366784	3672854235	1
1010757682293366784	49018471	1
1010807990	1425194624033902594	1
1010967863245582336	1400450858	1
1011063528	854426041741398017	1
101181771	484771907	1
1011929624203407360	484771907	1
1011929624203407360	625733	1
1012718378	132470882	1
1012718378	867865920	1
1012818918	51759517	1
1013131070441746432	1300916262369984515	1
1013327078077366272	1443868124659466242	1
1013543443	988250889835212800	1
1013654088	781392022800306176	1
1013879910	1002865394632314881	1
1013954305	404228630	1
1014516143586009088	1246908203230781440	1
1014516143586009088	807581581	1
1014882044	470180296	1
1015345393327136768	1292762825635569669	1
1015440260	430169858	1
101556020	768737826234044416	1
1015661811700510720	52123835	1
1015918388428918784	1360232480	1
1015918388428918784	49685654	1
1015989050	3309098367	1
1015989050	4572998716	1
1017057949	444101286	1
1017057949	768737826234044416	1
1017667801	429255979	1
1017667801	444921429	1
1018468604843618304	30072060	1
1018861386443739136	1018861386443739142	1
1019176103687094272	384431924	1
1019264194863132672	1265964896090456064	1
1019264194863132672	831768450	1
1019397072	1258828655591075845	1
1019882040639057920	104170025	1
1019882040639057920	900766265245130753	1
1019914269494792192	104170025	1
1019914269494792192	49685654	1
1020365678233178112	1292430232625053696	1
1020380156194631680	419441999	1
1020380156194631680	4572998716	1
1020380156194631680	751414388	1
1020502986	155695954	1
102052099	419441999	1
1020884688	1103693880388657152	1
1020931404	900766265245130753	1
102099568	2346570771	1
102099568	404228630	1
102099568	484771907	1
1021807586	1421548410222620673	1
1022538426	132470882	1
1022925477504270336	1294653630751150080	1
1023124394158288896	1299087773601861632	1
1023124394158288896	1460947166839685128	1
1023390612891099136	49685654	1
1024744381419606016	1399340094	1
1025012509	60940496	1
1025032478451490816	1203597456031834113	1
1025041897	1278931370	1
1025041897	155695954	1
1025041897	500882938	1
1025143716	1011271767292350465	1
1025143716	1412189239903674373	1
1025397335298334720	1425194624033902594	1
1025657582185271296	971075728438710274	1
1025767333988581376	221902171	1
1025767333988581376	386800314	1
1025767333988581376	588200416	1
1026457428	2349902485	1
1026457428	2623362653	1
1026948296	61567461	1
1027161292354854912	444225252	1
1027161292354854912	747451360715616257	1
1027404487	77614099	1
1027497779294294016	22637050	1
1027497779294294016	248203298	1
1027537150055788544	484771907	1
1027756003134263296	419441999	1
1027810386958053376	1349062843904225286	1
1028603340	1347682373928935427	1
1029066910783160320	815169029681856512	1
1029434331394129920	781392022800306176	1
1029467541624770560	104170025	1
1030394606	566428916	1
103041597	900766265245130753	1
1030481148663791616	2222183850	1
1031736848	497995758	1
1031901204828237824	51759517	1
103209710	710758188	1
1032227404029280256	1342223197131993088	1
103229427	3207950973	1
1032957709514158080	4652479816	1
1032957709514158080	49427517	1
1032957709514158080	912724453	1
1032957709514158080	971075728438710274	1
1033310908766924800	419441999	1
1033421114419097600	1155778975760814080	1
1033421114419097600	51759517	1
1033802684430798848	419094387	1
1033990615267270656	51759517	1
1033993296203472896	1165612918458769408	1
1033993296203472896	1397552279738273793	1
1034548849598189568	1077691849	1
1034548849598189568	2303644001	1
1034548849598189568	306148468	1
1034548849598189568	389395835	1
1034548849598189568	440775354	1
1035460693	155695954	1
1035546902	1035546902	1
1035648571163521024	49356718	1
1035648571163521024	51757652	1
1035648571163521024	703386818	1
1036329954798129152	104170025	1
1036329954798129152	1219298065951133696	1
1036329954798129152	1292430232625053696	1
1036329954798129152	51759517	1
1036329954798129152	900766265245130753	1
1036560565	49685654	1
1036959080	436534155	1
1037256845071667200	62107938	1
1037393713	700742749973323777	1
1037394888	1360232480	1
1037754192	155695954	1
1037845663	1077691849	1
1038117661	1047429818004983808	1
1038124587341570048	77614099	1
1038189569311735808	1011308525807693829	1
1038189569311735808	446477795	1
1038189569311735808	8001112	1
1038257431	900766265245130753	1
1038909791966572544	900766265245130753	1
1039048494	1082984088	1
1039048494	419760997	1
1039181472970797056	1317569525160812547	1
103995289	419441999	1
1040890639200780288	1425194624033902594	1
1040890639200780288	384431924	1
1040890639200780288	419441999	1
1041429218146639872	310249622	1
1041484481406873600	419441999	1
1042482833007239168	145225789	1
1042482833007239168	160880868	1
1042482833007239168	17876752	1
1042482833007239168	231902290	1
1042482833007239168	24152905	1
1042482833007239168	429255979	1
1042482833007239168	436534155	1
1042482833007239168	442735223	1
1042482833007239168	447231894	1
1042482833007239168	483807769	1
104254004	10329492	1
1042677486646124544	499796818	1
1042691054	419441999	1
1042764271552212992	114412418	1
1042906497129361408	1360232480	1
1042906497129361408	368922164	1
1042906497129361408	49685654	1
1042906497129361408	710579736519512064	1
1043099688	2687439506	1
1043099688	444101286	1
1043250043862614016	432516884	1
1043250043862614016	784489264100827137	1
1043948268932214784	104170025	1
1043948268932214784	1262453552	1
1044494585001639936	25676606	1
1044494585001639936	51759517	1
1044514442107654144	2644701834	1
104489361	419441999	1
1044932990	49356718	1
1044958567	500882938	2
1045272958133039104	900766265245130753	1
1045413120	179871513	1
1045642030213472256	1428732356022652939	1
1045642030213472256	51759517	1
1045683818773041152	161649422	1
104651157	3239016405	1
1047701521	1360232480	1
1047848557661900800	9095292	1
1048863997	419441999	1
1049008081	483807769	1
1049660266340904960	51757652	1
1050753675445104640	900766265245130753	1
1051158772738154496	399004979	1
1051158772738154496	419441999	1
1051206463077711872	3151000540	1
1051906012104540160	602903174	1
1051983271503036416	155695954	1
1051983271503036416	784489264100827137	1
1051983271503036416	807581581	1
1052650359217360896	53048130	1
1052857951969525760	625733	1
1052927598	1023972842948452352	1
1052927598	1392947252256202753	1
1052983992	155695954	1
1053276520020619264	111696944	1
1053308170448322560	1391750492905222145	1
1053308170448322560	419441999	1
1053308170448322560	51759517	1
1053949366837432320	1044496597441236992	1
1054279265745723392	1246908203230781440	1
1054647810421862400	1571239352	1
1054647810421862400	2164692687	1
1054647810421862400	744848682	1
1054662974	497995758	1
1054851091	51759517	1
1054851091	900766265245130753	1
105511487	89674237	1
1055140058	1460947166839685128	1
1055173849	1262431870274408448	1
1055173849	1463567986447601666	1
1055173849	804048276991442944	1
1056022735	781392022800306176	1
1056859162263588864	104170025	1
1056859162263588864	1460947166839685128	1
1057735056175841280	1397552279738273793	1
1058009478875017216	781392022800306176	1
1058341570058088448	3077606153	1
1058619467968774144	49685654	1
1059033748040310784	1047429818004983808	1
1059361525109010432	588200416	1
1059881101	4572998716	1
1059881101	467401158	1
1059892351928356864	1396211457411461132	1
1059892351928356864	972620404543012864	1
1060592551005167616	768737826234044416	1
1060911842	252565001	1
1061540255982071808	49685654	1
1061643810546073600	1256597292599164928	1
1061643810546073600	830484735801556994	1
1062776392327356416	8001112	1
1062791454	160880868	1
1062791454	768737826234044416	1
1062862212	1392726045082767360	1
1062862212	3077606153	1
1062862212	51759517	1
1063135369	747451360715616257	1
1063284314	1095412353427013633	1
1063284314	419441999	1
1063284314	51759517	1
1063745202	2346570771	1
1063776981257527296	419441999	1
1063806444380798976	155695954	1
1063806444380798976	419441999	1
1064232619	588200416	1
1064267064431570944	232908749	1
1065330750	1292430232625053696	1
1065446190	155695954	1
1066057117818331136	1246908203230781440	1
1066063994467885056	1047429818004983808	1
1066162266	499796818	1
1066193983	1077691849	1
1067008310	1360232480	1
1067059978719162368	155695954	1
1067059978719162368	4572998716	1
1067127218130833408	429255979	1
106724705	155695954	1
106724705	49685654	1
106725829	8001112	1
1068376968343838720	425694410	1
106842211	467401158	1
1068464303253131264	1047429818004983808	1
1068802416546590720	467401158	1
1069032661	1425194624033902594	1
1069263193	104170025	1
1069263193	419441999	1
1069263193	792731002900709376	1
1069926132231925760	1011271767292350465	1
1070045085784518656	1077691849	1
1070109237861343232	1387335716	1
107019869	104170025	1
107019869	1246908203230781440	1
107019869	1425194624033902594	1
107019869	1425721067474235394	1
107019869	2963478049	1
1071175135665799168	1417503189943922693	1
1071445298	1356835392	1
1071701413552623616	114412418	1
1071703460142288896	22628090	1
1071703460142288896	429391019	1
1071789826666627072	1258828655591075845	1
1071789826666627072	1460947166839685128	1
1072825062091317248	419441999	1
1072825062091317248	429391019	1
1072825062091317248	51759517	1
1073080100	768737826234044416	1
1073234318489763840	602903174	1
1073339297355456512	1262453552	1
1073943769257558016	383116512	1
1073943769257558016	419760997	1
1073943769257558016	881001960	1
1074410824595398656	429255979	1
1075142712268111872	625733	1
1075142712268111872	877570096302051328	2
1075329541181190144	426695764	1
1076120252256342016	707621475465994240	1
1076829011131711488	8001112	1
1077269276	155695954	1
1077269276	433717645	1
1078759935914242048	1000835549870075906	2
1078759935914242048	429255979	1
1078759935914242048	49427517	1
1079345730672840704	384431924	1
1079458256949575680	1084193910	1
1079458256949575680	470180296	1
1079800282832343040	1090190505542107136	1
1079800282832343040	3379594102	1
1079810941204791296	1235244517307166725	1
1079810941204791296	429391019	1
1079810941204791296	484771907	1
1079860975266906112	1428732356022652939	1
108061631	1103693880388657152	1
108061631	446477795	1
108061631	768737826234044416	1
108061631	8001112	1
1080721419087028224	429255979	1
1082322588653834240	1344392126449274887	1
1082452055246229504	14575613	1
1083022628997218304	1425194624033902594	1
1083680015492022272	2983707267	1
1083783097869651968	77614099	1
1083827976284921856	900766265245130753	1
1084072480057245696	4396309041	1
1084193910	1246908203230781440	1
1084909754441523200	1620754188	1
1085171276342312960	1726225616	1
1085291572588097536	1047429818004983808	1
1085291572588097536	971075728438710274	1
1085531312	1428732356022652939	1
1085531312	49685654	1
1085531312	51759517	1
108582949	892382794810363904	1
1085912953466048512	1084193910	1
108663704	51759517	1
1086691638	3077606153	1
1086691638	900766265245130753	1
1087107041490100224	429255979	1
1087476792007495680	155695954	1
1087849336241905664	1428732356022652939	1
1087849336241905664	1460947166839685128	1
1088385887363362816	1044496597441236992	1
1088385887363362816	927916422	1
1088748639349100544	3077606153	1
1088821489867128832	447231894	1
1088921400050634752	900766265245130753	1
108894737	419441999	1
1089103213406621696	384431924	1
1089107530247221248	776465110856589312	1
1089761902786502656	1262453552	1
1090190906366533632	1352946407280410624	1
1090357716609101824	900766265245130753	1
1091315364766646272	389679304	1
1091383540183457792	1254009103032225792	1
1091445798284472320	1173223843	1
1091619889	1292430232625053696	1
1091619889	181807847	1
1091619889	404892269	1
1091990374401359872	588200416	1
1092025800	792731002900709376	1
1092084720	1213722042	1
1092166154783809536	1390016930732466178	1
1092166154783809536	1390763027104993282	1
1092166154783809536	419441999	1
1092166154783809536	807581581	1
1092899267478470656	1120086032572198912	1
1092899267478470656	1172953888359665664	1
1092899267478470656	1347682373928935427	1
1092899267478470656	1460042328060616704	1
1092899267478470656	1463567986447601666	1
1092899267478470656	2339231441	1
1094208196787560448	160880868	1
1094208196787560448	8001112	1
1094614208107499520	1463451886741123072	1
1094614208107499520	419441999	1
1094911274280988672	922051484195442688	1
1095677190	1246908203230781440	1
1095677190	2333504902	1
1095820868549312512	1306886043078193152	1
1096112870218178560	73971750	1
1096376974778531840	1047429818004983808	1
1096376974778531840	52123835	1
1096420074	1246908203230781440	1
1096420074	419441999	1
1096420074	467401158	1
1096445798286573568	386800314	1
1097134586415538176	2989721327	1
109823385	429391019	1
1098259158	972620404543012864	1
1098262302	2303644001	1
1098262302	2987790683	1
1099018745643700224	792731002900709376	1
1099057975669477376	948634319861485574	1
1099363334	24152905	1
1100066282882379776	1077691849	1
1100119884489523200	73971750	1
1100502233576337408	1460947166839685128	1
1101205062574096384	114412418	1
1101425479469416448	8001112	1
1101531482508722176	1657435081	1
110213223	4794414694	1
110213223	8001112	1
1102225854317383680	588200416	1
1102292955761704960	738092501853216768	1
1102344151	2339316667	1
1102685533342453760	1232667590067093506	3
110278009	114412418	1
1103786235519270912	1120086032572198912	1
1103786235519270912	1159166569827786759	1
1103786235519270912	1396567588134694916	1
1103786235519270912	1463567986447601666	1
1104432769487253504	467401158	1
1104770430	3300601533	1
1106188385591402496	1077691849	1
1106188385591402496	444101286	1
1106648386470666240	49685654	1
1106654538512154624	1246084454352859138	2
1107334009	1107334009	1
110823353	119711344	1
1109122156166815744	65690709	1
1109131712183848960	3299546625	1
1109178580049846272	1422480159110803472	1
1109578166	3298655780	1
1109824066612006912	1278931370	1
1109824066612006912	754403068725301249	1
1109829834	550555137	1
1109829834	789281882	1
1109829834	8001112	2
1109887628	8001112	1
1109896743351697408	22637050	1
1109896743351697408	248203298	1
1110481199162671104	1047102850717880320	1
1110481199162671104	1461691813467762693	1
1111225376	588200416	1
1111388181360975872	1047429818004983808	1
1111388181360975872	1077691849	1
1111388181360975872	1433837057055596557	1
1111694110119870464	1077691849	1
1112397484058427392	20939149	1
1112753621601521664	2948869497	1
111290142	1323328775086575616	1
1113081891404558336	1302595981876310025	1
1113081891404558336	333410580	1
1113081891404558336	388780875	1
1113081891404558336	8001112	1
111696944	1166155885359652866	1
111696944	1213722042	1
111696944	1246908203230781440	1
111696944	3151000540	1
111696944	332993378	1
111696944	432516884	1
111696944	436534155	1
111696944	444225252	1
1117415327615397888	1092285722	1
1117415327615397888	1254009103032225792	1
1117415327615397888	51757652	1
1117973636	51759517	1
1118408123360919552	696736903857577986	1
1118823776	447231894	1
1118851009	49356718	1
111966918	1258828655591075845	1
111966918	3077606153	1
1119685232708521984	550555137	1
1120662112513265664	1241659242404352000	1
1120662112513265664	1485039381798866947	1
1121163421498712064	99373477	1
1121521046	1121521046	1
1121539277597356032	160880868	1
1121658702254133248	1329155760	1
1121935962	588200416	1
1121951191	399004979	1
1122399653264285696	49685654	1
1122493537994649600	1396211457411461132	1
1123009382	467401158	1
1123858502118776832	1397552279738273793	1
1123858502118776832	419441999	1
1123858502118776832	499796818	1
1125109580	108402274	1
1125152630806908928	155695954	1
1125321094074970112	1460947166839685128	1
1126816046034370560	1137039579201134592	1
1127073844123062272	1254009103032225792	1
1127073844123062272	160880868	1
1127073844123062272	2351913283	1
1127073844123062272	768737826234044416	1
1127228062138028032	483807769	1
1127238308059332608	1077691849	1
1127560747	419441999	1
1127998651006181376	179871513	1
1128034324538974208	501750077	1
1128077757961920512	419441999	1
1128678904808579072	436534155	1
1128807018	971075728438710274	1
1128901224	419441999	1
1130420497	1084193910	1
1130420497	2772829228	1
1130420497	831768450	1
113050526	408068270	1
1130594646147719168	432516884	1
113092215	8001112	1
1131148316	1460947166839685128	2
1131148316	406981868	1
1131148316	747877604330508288	1
1131645518	1256597292599164928	1
1131971333988995072	2623362653	1
1131971333988995072	55238295	1
1132258670	483807769	1
1132364009641074688	1054018854	1
1132364009641074688	1313496662015389699	1
1132364009641074688	1495223430806970368	1
1132364009641074688	527991628	1
1132364009641074688	618384392	1
1132364009641074688	773370588	1
113265036	49356718	1
1132954639236849664	763146166620057600	1
1133004105767694336	860777497016905729	1
1133775925873664000	51759517	1
1134395639507365888	447231894	1
113475801	1343505113952956416	1
113475801	1464281943734992901	1
1135103330357796864	905720262343229440	1
113667004	1246908203230781440	1
113773249	124433584	1
1138777682248982528	1360232480	1
1138777682248982528	900766265245130753	1
1138825356985753600	51757652	1
1139559741116620800	1294653630751150080	1
1140246697	4705532839	1
1140517423	900766265245130753	1
1140952112182038528	1258828655591075845	1
1141146201624076288	1198427719	1
1141146201624076288	53672896	1
1141146201624076288	625733	1
1141368228515631104	1242404085640372225	1
1141368228515631104	1243490123855138819	1
114179008	484771907	1
1142408484924907520	155695954	1
114300672	543774554	1
114317541	326882089	1
1143175728046977024	104170025	1
1143175728046977024	1428732356022652939	1
1143393739	1449150965551181827	1
1143464532230201344	1460947166839685128	1
1143464532230201344	1474283886175731712	1
1143519006206365696	900766265245130753	1
1145243132	50253688	1
1145314464	484771907	1
1145434327	47373547	1
1145676349601996800	1077691849	1
1145749943904276480	49685654	1
1146412314251448320	1077691849	1
1146412314251448320	1254009103032225792	1
1146412314251448320	444101286	1
1146519594120679424	1360232480	1
1146698519715176448	1077691849	1
1146698519715176448	429255979	1
1146698519715176448	447231894	1
1146860827313614848	1226218896178499586	1
1147835163176570880	231902290	1
1148226661	1219298065951133696	1
1149952243	1262453552	1
1150467950723444736	1397757626	1
1150751883566493696	1182035380893339648	3
1150751883566493696	1435579087796514816	1
1150751883566493696	878991600231251970	1
1151120124730060800	1449150965551181827	1
1151180805638676480	52123835	1
1151435873239670784	1151435873239670785	2
1151954305659936768	1011271767292350465	1
1151954305659936768	155695954	1
1151954305659936768	51759517	1
1152517116731502592	104170025	1
1152864039082582016	1044496597441236992	1
1152864039082582016	1401075900477841411	1
1152864039082582016	2224402028	1
1152864039082582016	927916422	1
115308284	1200158643813003264	2
1153354732137791488	1031529875553828867	2
1153354732137791488	1153354732137791488	5
1153354732137791488	1321179545723174913	2
1153354732137791488	1338488686514679808	1
1153354732137791488	1446516496499347464	2
1153676843108712448	155695954	1
1154371862606098432	114412418	1
1154663621617737728	104170025	1
1154663621617737728	2272893092	1
1154663621617737728	419441999	1
1154663621617737728	792731002900709376	1
1154663621617737728	807581581	1
1155207979	1428732356022652939	1
1155436215778381824	1011271767292350465	1
1155436215778381824	155695954	1
1155436215778381824	467401158	1
1155494492268572672	1213722042	1
1155866194341236736	1044496597441236992	1
1156548780780609536	1246908203230781440	1
1156830576592203776	1422580608350425090	1
1156830576592203776	419441999	1
1157612360221286400	994863809641766912	1
1157781200	1428732356022652939	1
1157781200	1460947166839685128	1
1157802612328189952	1093169770936102912	1
1158455999818280960	1093169770936102912	1
1158506750	700742749973323777	1
1158716606723317760	419441999	1
1158716606723317760	51759517	1
1159085702296088576	983351051200925696	1
1159393215855976448	419441999	1
1160101840345796608	432516884	1
116010597	1647344210	1
1160196692135821312	4572998716	1
1160335674224128000	104170025	1
1160335674224128000	1093169770936102912	1
1160335674224128000	1278931370	1
1160335674224128000	467401158	1
116041610	2215876058	1
116041610	484771907	1
116041610	48484178	1
1160852194117201920	404892269	1
1161191406	1428732356022652939	1
1161191406	155695954	1
1161191406	765979700808286208	1
1161715223402831872	1246908203230781440	1
1161834389170479104	3207950973	1
1161834389170479104	368920797	1
116219246	4572998716	1
1162361772415836160	1422580608350425090	1
1162361772415836160	1449150965551181827	1
1162361772415836160	1460947166839685128	1
1162361772415836160	51759517	1
1162386577177436160	1479079279505854464	1
1162465580265484288	1428732356022652939	1
1163011455584747520	1246084454352859138	1
1163011455584747520	1246908203230781440	1
1163011455584747520	1343955493212065794	1
1163011455584747520	49685654	1
1163011455584747520	51759517	1
1163011455584747520	8873182	1
1163020839605985280	231902290	1
1163020839605985280	483807769	1
1163031534565285888	1373619394102898690	1
1163172309781426176	1392726045082767360	1
1163185103784337408	104170025	1
1163185103784337408	792731002900709376	1
1163777072139001856	8001112	1
1163777072139001856	984810222	1
1163881057978114048	1482316653073506313	1
1163881057978114048	2989721327	1
1164078223	231902290	1
1164135819243921408	1035698683	1
1164336541	625733	1
1164441014234439680	1387335716	1
1164441014234439680	433636980	1
1164441014234439680	436534155	1
1164441014234439680	777092386883248128	1
1164470940698316800	1023972842948452352	1
1164470940698316800	155695954	1
1164470940698316800	419441999	1
1164495709250445312	155695954	1
1164605350605205504	467401158	1
1164619170853654528	1428732356022652939	1
1166155885359652864	2903757725	1
1166155885359652864	332993378	1
1166177664	1422580608350425090	1
1166184584981045248	1077691849	1
1166184584981045248	867865920	1
1166184584981045248	912724453	1
1166332766	432372959	1
1166400933183545344	1402578117877800964	1
1166400933183545344	501750077	1
1166400933183545344	531609749	1
1166400933183545344	995748982126252033	1
1166588426042380288	104170025	1
1167004816603828224	1055118178769080320	1
1167004816603828224	2623362653	1
1167004816603828224	368920797	1
1167004816603828224	444101286	1
1167040358330642432	204814083	1
1167481815147433984	429255979	1
1167769625301606400	49356718	1
1167884176911151104	1167884176911151104	3
1168223595316883456	1254009103032225792	1
1168223595316883456	155695954	1
1168322499509198848	426695764	1
1168701144	51759517	1
1168797480	369578338	1
1168797480	383116512	1
1168797480	625733	1
1169174599885611008	155695954	1
1169382144969465856	1463451886741123072	1
1169506849	104170025	1
1169506849	1100472388997783552	1
1169506849	174666287	1
1169506849	696736903857577986	1
1169566487205634048	4871884721	1
1169651104197615616	1396567588134694916	1
1170382579922612224	1077691849	1
1170382579922612224	1246908203230781440	1
1170382579922612224	404228630	1
1170387597736185856	1449150965551181827	1
1170424876211036160	2346570771	1
1171160787127361536	1247996987389161476	1
1171683612	1494075219824332801	1
1171715010135019520	1429710335515181056	1
117172862	245969509	1
1171784627461251072	297884272	1
1172571984967942144	1427547168022401025	1
1172630808	1484285911781318658	1
1172630808	420990645	1
1173143898459398144	1254009103032225792	1
1173214390423838720	1647344210	1
1173223843	1000480351905632258	1
1173366318671835136	2222183850	1
1173366318671835136	784489264100827137	1
1173701547492028416	155695954	1
1173951271	108959881	1
1174209985686974464	867743988257783808	1
1174791055063048192	1047429818004983808	1
1174791055063048192	1222871997971095552	1
1174792591713406976	823975885963399168	1
1174975547614433280	1397552279738273793	1
1174975547614433280	155695954	1
1174975547614433280	482774450	1
1175313651974246400	566428916	1
1175813450641170432	155695954	1
1176108408174522368	1213722042	1
1176618985	114412418	1
1176618985	414108131	1
1176618985	501750077	1
1176749662155530240	1017651907	1
1176799646900981760	2222183850	1
117701249	429391019	1
1177322949600317440	419441999	1
1177590266984837120	1177590266984837120	3
1177590266984837120	1254009103032225792	1
1179464636	1328307101165363201	1
1179962942	418301345	1
1179962942	605614784	1
1180103866844635136	972620404543012864	1
1180237460065996800	483807769	1
1180252686	1222871997971095552	1
1180252686	444101286	1
1180252686	700742749973323777	1
1180933974128025600	114412418	1
1180933974128025600	1173223843	1
1181138850892193792	384431924	1
1181288004108861440	384431924	1
118141653	51759517	1
1181847132766113792	2771636649	2
1183254864	51757652	1
1183275312093782016	1387335716	2
1183275312093782016	892382794810363904	1
1183381612635086848	1428732356022652939	1
1183381612635086848	831768450	1
1183449929907343360	1077691849	1
1183777562	696736903857577986	1
118513045	221902171	1
1185820618949844992	994863809641766912	2
1185835405104570368	1607832000	1
1185835405104570368	51759517	1
1186324151197470720	2359361178	1
1186335893524811776	1011271767292350465	1
1187419101599277056	126941058	1
1187419101599277056	24152905	1
1187419101599277056	291294443	1
1187813266627710976	324818479	1
1188049140556750848	404892269	1
1188500420106297344	429255979	1
1188904373553979392	419441999	1
1189604124	900766265245130753	1
1189654234851090432	1262453552	1
1189654234851090432	900766265245130753	1
1191558961	1722707281	1
1192346846917746688	1352946407280410624	1
1192578464	1173223843	1
1193504082788601856	1047429818004983808	1
1193645670231629824	1472290938	1
1193780617	1084193910	1
1193780617	1476948512	1
1193780617	815400228	1
1193990375733641216	1240378564035436553	1
119418146	35525950	1
1194195730338111488	155695954	1
1194222550550827008	111696944	1
1194222550550827008	8001112	1
1194592642765611008	1047429818004983808	1
1195384883599888384	1418964653863014401	1
1195612173558525952	1256945098236944391	1
1195845799315410944	104170025	1
1195845799315410944	1093169770936102912	1
1195845799315410944	1311755732782657536	1
1195845799315410944	2989721327	1
1196018762593525760	1173223843	1
1196488081114894336	781392022800306176	1
1198015322839830528	51759517	1
1198427719	383116512	1
1198625334	1460947166839685128	1
1198658049688424448	1246908203230781440	1
1199143163765637120	1243490123855138819	1
1199327654622707712	51759517	1
1199407342854561792	467401158	1
1199780680399491072	160880868	1
1200452960305717248	1241659242404352000	1
1200452960305717248	1485039381798866947	1
1200853862967660544	11226	1
1200905899742760960	155695954	1
1201022131338981376	8001112	1
1201691502	1077691849	1
1201847654	404228630	1
1201847654	429255979	1
1203087605849608192	1173223843	1
1203087605849608192	1459901869497724929	1
1203087605849608192	500882938	1
1203597456031834112	8001112	1
1204460953129168896	4894941581	1
1205143751108284416	2970227800	1
1205389459157585920	3179856502	1
1206918507373481984	404228630	1
1208458128523743232	1213722042	1
1208458128523743232	785830353978044416	1
1208488978720141312	1023972842948452352	1
1208488978720141312	287566348	1
1208728294444679168	155695954	1
1208811241629716480	96947016	1
1210114598654873600	49427517	1
1211278580	900766265245130753	1
1212442492018118656	114412418	1
1212442492018118656	1262453552	1
1212442492018118656	4572998716	1
1212442492018118656	49427517	1
1213147526112505856	1396567588134694916	1
1213147526112505856	4705532839	1
1213193293439229952	1329155760	1
1213193293439229952	419441999	1
1213245560070623232	1254755875174088704	1
1213245560070623232	1336305505648717827	1
1213245560070623232	1347822417046097921	1
1213245560070623232	1548297294	1
1213245560070623232	2771636649	1
1213245560070623232	3239016405	1
1213245560070623232	878991600231251970	1
1213245560070623232	889221137871360000	1
1213406459062411264	1246908203230781440	1
1214203433219026944	1392726045082767360	1
1214203433219026944	792731002900709376	1
1214246351464062976	484771907	1
1214320410474340352	792731002900709376	1
1214638191170469888	3244161467	1
1214986704492339200	1208811241629716486	1
1214986704492339200	155695954	1
1215268209231892480	155695954	1
1215273083965231104	399004979	1
1215582140	444101286	1
1215678906939990016	2292308845	1
1215678906939990016	291294443	1
1215678906939990016	306148468	1
1215678906939990016	501750077	1
1215678906939990016	8001112	1
1215686550786277376	49356718	1
1215779772762148864	467401158	1
1215779772762148864	52424550	1
1216148624243118080	28382943	1
1216358584763789312	1460947166839685128	1
1217029671587663872	1123151452594110465	1
1217029671587663872	51759517	1
1217087224711471104	1262453552	1
1217087224711471104	155695954	1
1217087224711471104	900766265245130753	1
1217493838731804672	1315020286123802624	1
1217767250695946240	1050141832758341632	1
1217767250695946240	1125356343660093440	1
1218102721	1103693880388657152	1
1218283740419493888	24152905	1
1218957020415610880	331617619	1
1219329455115657216	419441999	1
12194852	49356718	1
1219588396886241280	19167263	1
1219650170	104170025	1
1219650170	419441999	1
1219850648	768737826234044416	1
1220072246	1290017589289193472	1
1220072246	1397552279738273793	1
1220108404431249408	696736903857577986	1
122030995	384431924	1
1220332021026885632	1246908203230781440	1
1220466824166432768	1295689548815532032	1
1220466824166432768	1463567986447601666	1
1220783928337977344	419441999	1
1220811823	1077691849	1
1221013968	419441999	1
1221049251272318976	8001112	1
1221128126341750784	602903174	1
1221563242977419264	383116512	1
1221563242977419264	386800314	1
1221563242977419264	51757652	1
1221563242977419264	703386818	1
1221563242977419264	971075728438710274	1
1221784146781130752	768737826234044416	1
1222215704042254336	1074408932	1
1222676508	49685654	1
1223007450179215360	104170025	1
1223007450179215360	1365319766970400773	1
1223007450179215360	155695954	1
1223007450179215360	419441999	1
1223007450179215360	763146166620057600	1
1223007450179215360	815400228	1
1223365965603332096	1077691849	1
1223954414807011328	1449150965551181827	1
1223954414807011328	765979700808286208	1
1224165516	297884272	1
1224294333127569408	104170025	1
1224294333127569408	1351103074207752192	1
1224294333127569408	2948869497	1
1224809573913124864	104170025	1
1224809573913124864	1403751908125331456	1
1224809573913124864	2339316667	1
1224996284	104170025	1
1224996284	1243278293454987265	1
1224996284	1427547168022401025	1
1224996284	419441999	1
1224996284	807581581	1
1225034977	1392726045082767360	1
1225034977	1425194624033902594	1
1225034977	1449150965551181827	1
1225159825392308224	460239013	1
1225341095699238912	51759517	1
1225769586223702016	124433584	1
1225791634543169536	49685654	1
1225821045556490240	3298655780	1
1225910013010599936	432372959	1
122639408	1428732356022652939	1
1226537390690521088	831768450	1
1226789999166791680	1232667590067093506	2
1226789999166791680	525763777	1
1226887419246645248	124433584	1
1226887419246645248	1335338848755322883	1
1226887419246645248	2907658287	1
1226887419246645248	426901951	1
1226925410556006400	1217766945719836672	1
1226925410556006400	419441999	1
1227243021885853696	1070238543048519680	1
1227444686	419441999	1
1227614582912540672	104170025	1
1227633852753104896	1262453552	1
1227633852753104896	2222183850	1
1227685320105365504	1425194624033902594	1
1228114681	1428732356022652939	1
1228301834	1246375903099314176	1
1228466690	484771907	2
1228466690	49356718	1
1228466690	50253688	1
1228779720944357376	908380926	1
1229157865266520064	1077691849	1
1229157865266520064	291294443	1
1229469112784556032	1055118178769080320	1
1229469112784556032	1365319766970400773	1
1229486596350672896	8001112	1
1229706538211840000	1722707281	1
122976053	1011271767292350465	1
1231004477827821568	463564606	1
1231234952	384431924	1
1231473788	231902290	1
1231473788	483807769	1
1231577023	906647966	1
1231580052439097344	1450352104514719745	1
1231582922068676608	1482316653073506313	1
1231606802699214848	892007657208459265	1
1231899811	433717645	1
1231899811	892007657208459265	1
1232312190960455680	206832958	1
123351555	1020252274407469056	1
1233696142032015360	1173223843	1
1233696142032015360	1459901869497724929	1
1234458775	1000480351905632258	1
1234458775	107255212	1
1234458775	1173223843	1
1234765066702028800	104170025	1
1235520348336123904	1254009103032225792	1
1235570808086462464	1460947166839685128	1
1235621897796280320	1460947166839685128	1
1235621897796280320	155695954	1
1236229669613113344	1077691849	1
1236336724399329280	1325811912513368068	1
1236336724399329280	1360232480	1
1236336724399329280	1434022273506324482	1
1236336724399329280	51759517	2
1236343528747347968	807581581	1
1236379816431169536	420351046	1
1236379816431169536	607213690	1
1236379816431169536	78567974	1
1236800418304450560	1405789050	1
1236800418304450560	432516884	1
1236800418304450560	8001112	1
1237045959789613056	155695954	1
1237696957977681920	1077691849	1
1237807159754264576	383116512	1
1237807159754264576	588200416	1
1237938136958844928	231198437	1
1238014383512485888	1360232480	1
1238033007631650816	1125749316	1
1238080592618676224	1103693880388657152	1
1238080592618676224	436534155	1
1238093865246175232	500711588	1
1238409776637399040	1460947166839685128	1
1238499052364464128	500882938	1
1238755183313727488	333410580	1
1238755183313727488	383116512	1
1238755183313727488	442735223	1
1238868979730583552	29416653	1
1238877700166692864	1292430232625053696	1
1238877700166692864	444827693	1
1238877700166692864	768737826234044416	1
1238888091986866176	1077691849	1
1238888091986866176	1246908203230781440	1
1238888091986866176	1272761126208647168	1
1238888091986866176	425694410	1
1239043448566681600	1004339803314446336	1
1239489112861749248	4705532839	1
1239536999998128128	231198437	1
1239564980460179456	1428732356022652939	1
1239564980460179456	2222183850	1
1239586047274729472	751414388	1
1240110720429240320	1428732356022652939	1
1240110720429240320	1460947166839685128	1
1240110720429240320	155695954	1
1240191309526302720	160880868	1
1240214959776239616	1265579090	2
1240214959776239616	2172713777	1
1240214959776239616	3207950973	3
1240214959776239616	432516884	1
1240214959776239616	846946596	1
1240214959776239616	881001960	1
1240346068845543424	994863809641766912	1
1240974868801359872	419441999	1
1241016216023695360	386800314	1
1241114176275255296	1104384196724879362	1
1241114176275255296	1201847654	1
1241114176275255296	160880868	1
1241114176275255296	429255979	1
1241394640382803968	404228630	1
1241472625785942016	1011271767292350465	1
124151098	8001112	1
1241515700423995392	1460947166839685128	1
1241615589828964352	51759517	1
1242089940143538176	1428732356022652939	1
1242089940143538176	419441999	1
1242089940143538176	49685654	1
1242099728046841856	1234470127443292161	1
1242220825	404228630	1
1242481949437919232	419441999	1
1242481949437919232	792731002900709376	1
1242561166704082944	1004339803314446336	1
1242637958559211520	1047429818004983808	1
1242637958559211520	4705532839	1
1242779555527614464	1213722042	1
1242849729417031680	2339316667	1
1242849729417031680	419441999	1
1242851976368578560	8001112	1
1243232462970421248	1278931370	1
1243278293454987264	49685654	1
1243401080	399004979	1
1243401080	51759517	1
1243490123855138816	419441999	1
1243500253174775808	1392726045082767360	1
1243500253174775808	384431924	1
1243500253174775808	49685654	1
1243500253174775808	51759517	1
1243500917137313792	4705532839	1
1243549083500982272	1396567588134694916	1
1243549083500982272	4705532839	1
1243549083500982272	49356718	1
1243672727959076864	419441999	1
1243705190	48484178	1
1243705190	588200416	1
1243999209222819840	104170025	1
1243999209222819840	4572998716	1
1244229866918219776	1421502933204623361	1
124433584	467401158	1
1245225642003660800	49685654	1
1245225642003660800	792731002900709376	1
1245445880540467200	499796818	1
1245472160266797056	1120086032572198912	1
1245472160266797056	1396567588134694916	1
1245553374	1428732356022652939	1
1245603817	1077691849	1
1245603817	3207950973	1
1245613809596641280	4705532839	1
124594588	132880191	1
124594588	306148468	1
1246076451549351936	419441999	1
1246088563529302016	1262453552	1
1246148504868794368	1077691849	1
1246148504868794368	1222871997971095552	1
1246832425130483712	470394592	1
1246832425130483712	484771907	1
1247098161044299776	419441999	1
1247251507789074432	1482316653073506313	1
1247343212	104170025	1
1247413935227224064	419441999	1
1247430708	51759517	1
1247558843955064832	1201847654	1
1247558843955064832	700742749973323777	1
1247558843955064832	8001112	1
1247692883509022720	1098207976165425152	1
1248365893681283072	1391750492905222145	1
1248365893681283072	1425194624033902594	1
1248365893681283072	419441999	1
1248506631262023680	419441999	1
1248522361	429255979	1
1248592634752401408	1047429818004983808	1
1248592634752401408	1077691849	2
1248592634752401408	1103693880388657152	1
1248592634752401408	446477795	1
1248592634752401408	483807769	1
1248592634752401408	605614784	1
124870611	444921429	2
124870611	500711588	1
1248720926142840832	1093169770936102912	1
1248720926142840832	1403751908125331456	1
1248721261024423936	51759517	1
1248931586491514880	2339316667	1
1248950663880605696	2644701834	1
1249421757196300288	1077691849	1
1249421757196300288	768737826234044416	1
1249643618677243904	368920797	1
1249643618677243904	436534155	1
1249813315427209216	155695954	1
1249822627700658176	1173223843	1
1249822627700658176	1459901869497724929	1
1249822627700658176	500882938	1
1250166694338801664	104170025	1
1250166694338801664	155695954	1
1250166694338801664	174666287	1
1250166694338801664	51759517	1
1250166694338801664	696736903857577986	1
1250177731	1460947166839685128	1
1250177731	2575112879	1
1250177731	419441999	1
1250177731	78567974	1
1250351262471581696	1302321548632698882	1
1250351262471581696	1418524693242564609	1
1250351262471581696	419441999	1
1251089251	1077691849	1
1251089251	2949929770	1
1251089251	700469676846018560	1
1251442794583011328	49685654	1
1251512488925020160	792731002900709376	1
1251764705712132096	1262453552	1
1251764705712132096	470180296	1
1251764705712132096	742396903	1
1251862548	1077691849	1
1252181674256990208	1092285722	1
1252181674256990208	380405533	1
1252181674256990208	877570096302051328	1
1252233903357583360	248203298	1
1252503134561275904	114412418	1
1252591576402071552	1252591576402071553	1
1252602854763790336	2759210509	1
1252916914323587072	152198946	1
1253076614088478720	1108808775937519616	1
1253427140436975616	1103693880388657152	1
1253427140436975616	8001112	1
1253733537162952704	1488261503505555461	1
1253750482780241920	2533287637	1
1254323509	55238295	1
1254327853702930432	429255979	1
1254327853702930432	8001112	1
1254348607060353024	419441999	1
1254348607060353024	51759517	1
1254446266467201024	1077691849	1
1254446266467201024	429255979	1
1254533389706764288	1246908203230781440	1
1254533389706764288	155695954	1
1254533389706764288	171854699	1
1254533389706764288	482774450	1
1254549042438291456	155695954	1
1254589633775706112	807581581	1
1254755875174088704	1329012933859430401	1
1254755875174088704	3432830997	1
1254832039	1000835549870075906	2
1255327982425722880	1091963502229639168	1
1255327982425722880	419441999	1
1255459757730775040	467401158	1
1255459757730775040	51759517	1
1256299610638823424	104170025	1
1256332279657517056	248203298	1
1256665574949691392	374604328	1
1256957261873852416	588200416	1
1257571316263260160	1623682729	1
1257571316263260160	862940857544171520	1
1258380213232304128	419441999	1
1258457247899881472	1372271194037231618	1
1258705664681132032	3978683129	1
1258867179191259136	419441999	1
1258867179191259136	51759517	1
1258867179191259136	745704596	1
1258867179191259136	900766265245130753	1
1259041459	49685654	1
1259041459	696736903857577986	1
1259097121392930816	501750077	1
1259211173641232384	1413489971386748928	1
1259684209	1166484588945956869	1
1259759928958496768	952158429073862657	1
1259836493155250176	602903174	1
1260236809709260800	1112292775943389185	1
1260236809709260800	1258686720759009281	1
1260236809709260800	1410670358328455175	1
1260236809709260800	444827693	1
1260555080	831768450	1
126081363	49685654	1
1260879297474150400	404892269	1
1261067028783341568	1103693880388657152	1
1261067028783341568	1254009103032225792	1
1261067028783341568	2176041849	1
1261067028783341568	425694410	1
1261067028783341568	432516884	1
1261326532787699712	429255979	1
1261370864190324736	1246908203230781440	1
1261737377636253696	1044496597441236992	1
1261737377636253696	927916422	1
1262043650726465536	4824740248	1
1262138317	419441999	1
1262468378872238080	1172953888359665664	1
1262468378872238080	1396567588134694916	1
1262705844	384431924	1
1263191166578831360	831768450	1
1263588357000462336	588200416	1
1263879534337822720	1428732356022652939	1
1263909744	1173223843	1
1263909744	831768450	1
1265579090	1254009103032225792	1
1265579090	1959181656	1
1265579090	436534155	2
1265579090	467401158	1
1265579090	747451360715616257	1
1265579090	857144629082370048	1
1265762242584338432	155695954	1
1265964896090456064	195962624	1
1266040674840981504	1364939599601168385	1
1266479624894152704	1408827164	1
1266649207	1620754188	1
1266649207	419441999	1
1266649207	4572998716	1
126677638	905720262343229440	1
1267017137312464896	2222183850	1
126727689	1246084454352859138	1
1267406154893836288	1292430232625053696	1
1267446498737954816	1246908203230781440	1
1267446498737954816	1442574363300020224	1
1267446498737954816	1460947166839685128	1
1267446498737954816	384431924	1
1267780989440401408	534499034	1
1268276991725391872	384431924	1
1268953866	2858863684	1
1268998861101596672	404228630	1
1269019703709773824	534499034	1
1269232654358110208	404228630	1
1269232654358110208	892382794810363904	1
126941058	2213170646	1
126941058	2970227800	1
126947842	43695855	1
1270339064	901003845005971457	1
1273065462	155695954	1
1274855814	229969486	1
1277339076362932224	738092501853216768	1
1289996015953731584	446477795	1
1290357627852148736	1436994257290682368	2
1290357627852148736	500882938	1
1290588940731326464	1397552279738273793	1
1294258574982512640	527991628	1
1296134026282115072	1296134026282115077	1
1303175739538395136	1722707281	1
1303175739538395136	77614099	1
1305225313836822528	419441999	1
1309227547960508416	104170025	1
1309227547960508416	931840780645396481	1
1309482182075920384	1241659242404352000	1
1309482182075920384	1485039381798866947	1
1310172300503810048	1310172300503810049	1
1314287049634131968	104170025	1
1314287049634131968	1713134304	1
1314287049634131968	419441999	1
13159862	484771907	1
1316702946768420864	1313496662015389699	1
1316702946768420864	1406410804933627904	1
1317396407326806016	1460947166839685128	1
1317396407326806016	467401158	1
1317396407326806016	792731002900709376	1
1318955309419868160	768737826234044416	1
1319057610	1011308525807693829	1
1319057610	483807769	1
1319057610	700742749973323777	1
1319057610	777092386883248128	1
1320234474	49427517	1
1320797212792791040	1173223843	1
1321801194294157312	51759517	1
1322859828	155695954	1
1322859828	419441999	1
1322859828	467401158	1
1322859828	51759517	1
1322897724174405632	807581581	1
1322897724174405632	831768450	1
1323023005304430592	1147979000	1
1323023005304430592	1198427719	1
1323023005304430592	484771907	1
1323023005304430592	55238295	1
1323023005304430592	908546198	1
1323141601129123840	1958785994	1
1325161988134227968	14406841	1
1325161988134227968	386800314	1
1326286523801640960	408358025	1
1326286523801640960	419441999	1
1326286523801640960	792731002900709376	1
1327139421335003136	419441999	1
1327379712189095936	389679304	1
1329221930	1272281130155290629	1
1329518175730491392	710758188	1
1330886960525815808	51759517	1
1332962112252108800	419441999	1
133342361	133342361	1
133342361	51757652	1
1334546508	3207950973	1
1334712547	419441999	1
1334712547	734074574275514368	1
1334881194912194560	1436978562024841222	1
1338185335948324864	146738509	1
1339257856466554880	1448250438566957062	1
1342223197131993088	1434022273506324482	1
1343666550394511360	1396154782797205512	1
1345033794529714176	1246084454352859138	1
1345033794529714176	1460947166839685128	1
1345033794529714176	467401158	1
1345033794529714176	784489264100827137	1
1345033794529714176	792731002900709376	1
1345801545439453184	118177066	1
1345801545439453184	1262453552	1
1346523482553774080	1428732356022652939	1
1347002841559412736	104170025	1
1347002841559412736	900766265245130753	1
1347491738	1246908203230781440	1
1347491738	1262453552	1
1347491738	1425194624033902594	1
1347491738	1428732356022652939	1
1348350961312530432	969926737361604608	1
1349364292894793728	1428732356022652939	1
1349467232	241164909	1
1349469141292503040	1173223843	1
1349656058650886144	51759517	1
1350201534211117056	602903174	1
1350397008218124288	49685654	1
1350791900077371392	49685654	1
1353069759852474368	1417503189943922693	1
1353069759852474368	1422580608350425090	1
1353069759852474368	1428732356022652939	1
1353075061440139264	807581581	1
1356896318	155695954	1
1356896318	807581581	1
1358032521930358784	792731002900709376	1
1358611800	813106086366560257	1
1358833884348231680	419441999	1
1359190270764601344	1359190270764601347	1
1360232480	155695954	1
1360978420084137984	419441999	1
1362804355024445440	1436978562024841222	1
1363213735570120704	248203298	1
1364303913273483264	1460947166839685128	1
1364889477915811840	1315020286123802624	1
1364889477915811840	1428732356022652939	1
1364889477915811840	900766265245130753	1
1364939599601168384	1364939599601168385	3
1365350315122446336	419441999	1
1365350315122446336	696736903857577986	1
1366505333523443712	389679304	1
1367784116	500882938	1
1369640371697942528	1722707281	1
1369640371697942528	419441999	1
1369640371697942528	501750077	1
1371456196679450624	419441999	1
1371468588796805120	1485937615899709441	1
1372630004270530560	419441999	1
1373187695812415488	1020303953974759424	1
1373187695812415488	3077606153	1
1374300920	8001112	1
1375221591903244288	229969486	1
1375767444472614912	1342223197131993088	1
1378201201192398848	114412418	1
138172178	845235210337837056	1
1383610460595843072	1020252274407469056	1
1383698470389706752	1383698470389706753	1
1385929787936583680	384431924	1
1386737007238557696	160880868	1
1388269877291634688	1449150965551181827	1
1388854795	1418964653863014401	1
1388854795	1460947166839685128	1
1389461733425696768	3207950973	1
1389500832	1460947166839685128	1
1389814780349853696	104170025	1
1389814780349853696	1460947166839685128	2
1389814780349853696	1461062740617961476	1
1389814780349853696	703708224168599552	1
1389814780349853696	831768450	1
1390620869718855680	1246375903099314176	1
1391077456325525504	1084193910	1
1391077456325525504	49685654	1
1391766884052254720	1000480351905632258	1
1391766884052254720	1173223843	1
1392618694237429760	1428732356022652939	1
1392947252256202752	1023972842948452352	1
139404669	696736903857577986	1
1394326105658732544	398117986	1
1396191637802520576	1418964653863014401	1
1396212248457236480	2339316667	1
1396212248457236480	2989721327	2
1396212248457236480	374604328	1
1397443920964038656	297884272	1
1397552279738273792	831768450	1
1400427712188137472	50253688	1
1400701532	51759517	1
1400701532	800832372740685826	1
1400763635773886464	104170025	1
1400763635773886464	1302321548632698882	1
1400763635773886464	807581581	1
1401075900477841408	1401075900477841411	2
1402545284702519296	1460947166839685128	1
1402578117877800960	1091963502229639168	1
1402578117877800960	1360232480	1
1402578117877800960	1479079279505854464	1
1402578117877800960	49685654	1
140354554	1428732356022652939	1
1404095153095200768	499796818	1
1404360477900263424	104170025	1
1404360477900263424	419441999	1
1404879291792379904	1460947166839685128	1
1406245463137914880	429255979	1
1408178097652965376	104960470	1
1408567643662127104	155695954	1
1408783844342439936	4572998716	1
1408783844342439936	831768450	1
1409849444	1407091232292147208	1
1410514975286829056	2222183850	1
1411649505624219648	710758188	1
1412500075	1084193910	1
1412656878	397176329	1
1413489971386748928	1015293670763921413	1
1413492502024400896	104170025	1
1414952446716153856	1460947166839685128	1
1416695402418552832	51759517	1
1416695402418552832	900766265245130753	1
1417374328849641472	1364939599601168385	1
1417490129866924032	1009420195012792323	1
1417503189943922688	1417503189943922693	2
1418278382454943744	104170025	1
1419247616089600000	776465110856589312	1
1419298742386180096	1246908203230781440	1
1419298742386180096	384431924	1
1419778460290060288	2963478049	1
1419980305922936832	1428732356022652939	1
1420391943654322176	1086119378	1
1420716452512944128	1262453552	1
1421936444675923968	155695954	1
1423243434249363456	1011271767292350465	1
1424020429203771392	20939149	1
1424671436627709952	155695954	1
1425221478694506496	1428732356022652939	1
1425221478694506496	1460947166839685128	1
1429231388394467328	1173223843	1
1429710335515181056	1311764985597636608	1
1430132056164605952	419441999	1
1430865389114871808	1326302413230321664	1
1431132666968125440	49685654	1
1431307264720310272	1460947166839685128	1
1431307264720310272	155695954	1
1431307264720310272	419441999	1
1431990401259421696	1434022273506324482	1
1432091359620517888	467401158	1
143264776	2222183850	1
1432801281081548800	419441999	1
1432801281081548800	49685654	1
1433103620413788160	1262453552	1
1433103620413788160	1485937615899709441	1
1433286055	483807769	1
1433304175249657856	384431924	1
1433774196476334080	900766265245130753	1
1434161609102987264	179871513	1
1434161609102987264	765979700808286208	1
1434167840718917632	900766265245130753	1
1434418741312425984	2252090852	1
1434424256532815872	1054831870029021185	1
1434424256532815872	1158506750	1
1434424256532815872	1356994757868847107	1
1434424256532815872	1366890806834003970	1
1434424256532815872	1553007517	1
1434424256532815872	418301345	1
1434424256532815872	451380785	1
1434424256532815872	4796230336	1
1434424256532815872	700742749973323777	1
1434424256532815872	926580625724919808	1
1434424256532815872	983384586829926400	1
1435036992056737792	419441999	1
1435252991746101248	419441999	1
1435636771505811456	419441999	1
1436000119	1266404090935992320	1
1436197225428922368	155695954	1
1436197225428922368	51759517	1
1437693484199186432	792731002900709376	1
1438224486185292032	792731002900709376	1
1438397840204632064	1428732356022652939	1
1438546161955229696	104170025	1
1438762590763724800	1438762590763724800	1
1439317782785581056	408358025	1
1439519096975073280	1460947166839685128	1
1439519096975073280	245969509	1
1439847612077821952	1392726045082767360	1
1439847612077821952	419441999	1
1439856575376760832	1392726045082767360	1
1439982902884945920	1428732356022652939	1
1440037811831201792	2328854769	1
1440229450939977728	900766265245130753	1
1441036749396926464	1410161948356972545	1
1441082253832982528	51759517	1
1442174951096664064	155695954	1
1442174951096664064	500882938	1
1442776966030049280	1460947166839685128	1
1443615479860506624	197835275	1
1443615479860506624	774138417118482432	1
1443868124659466240	1350057066740781058	1
1443868124659466240	155695954	1
1443868124659466240	792731002900709376	1
1444144453913092096	419441999	1
1444144453913092096	433717645	1
1444144453913092096	467401158	1
1444144453913092096	831768450	1
1445674778644205568	2222183850	1
1445848857703694336	900766265245130753	1
1447190849557782528	1391750492905222145	1
1447205703194710016	368920797	1
1448982766251610112	419441999	1
1448982766251610112	51759517	1
1449445740972027904	1360232480	1
1449842856210878464	1262453552	1
1449842856210878464	1425194624033902594	1
1449842856210878464	419441999	1
1449842856210878464	49685654	1
1450353177887444992	747877604330508288	1
1450632745458225152	1425194624033902594	1
1450859183377637376	792731002900709376	1
1450868904989966336	179871513	1
1450878112485552128	104170025	1
1451119733709934592	1258828655591075845	1
1452655011083735040	1294653630751150080	1
1453276615891369984	384431924	1
1454361574819438592	500882938	1
1454361574819438592	51759517	1
1455597786334965760	900766265245130753	1
1455843673795698688	155695954	1
1457288698207391744	1425194624033902594	1
1457288698207391744	696736903857577986	1
1458064736470319104	114412418	1
1458064736470319104	1418964653863014401	1
1458064736470319104	419441999	1
1458064736470319104	602903174	1
1458077212394074112	155695954	1
1458719891322814464	1722707281	1
1459614332141064192	51759517	1
1459614332141064192	784489264100827137	1
1459809801500860416	114412418	1
1459901869497724928	1173223843	1
1459901869497724928	1261809647738138624	1
1459901869497724928	605614784	1
1459901869497724928	615597661	1
1460071901317853184	1428732356022652939	1
1460071901317853184	51759517	1
1460634559113043968	104170025	1
1460634559113043968	51759517	1
1460866857037090816	155695954	1
1461042002787774464	1044496597441236992	1
1462341149885181952	384431924	1
1463451886741123072	1262453552	1
1463502328603062272	419441999	1
1464161822685429760	104170025	1
1464282409843793920	419441999	1
1464282409843793920	839870304113455105	1
1465397013642678272	1421936444675923969	1
1466477062651326464	104170025	1
1466477062651326464	1265964896090456064	1
1466513283381407744	419441999	1
1466834124879052800	155695954	1
1466834124879052800	900766265245130753	1
1467121603683225600	104170025	1
1467121603683225600	1302321548632698882	1
1467121603683225600	1428732356022652939	1
1467121603683225600	807581581	1
1467547783116865536	1440216839854850051	1
1468962796582760448	1373619394102898690	1
1469660528691884032	2383931107	1
1470796337729785856	51759517	1
147125416	419441999	1
147125416	831768450	1
1471588011070603264	1460947166839685128	1
1472099484901548032	419441999	1
1472334465649229824	231198437	1
1472917191603408896	155695954	1
1472917191603408896	900766265245130753	1
1472988817607036928	419441999	1
1473256657270493184	51759517	1
1473542770329591808	419441999	1
1473581508980101120	114412418	1
1473581508980101120	1315020286123802624	1
1473581508980101120	419441999	1
1473581508980101120	83449728	1
1475223019140354048	1460947166839685128	1
1476183464445714432	1173223843	1
1476183464445714432	51759517	1
1476245549858930688	49685654	1
1476597564732551168	1173223843	1
1479866821855657984	419441999	1
1480172326968823808	792731002900709376	1
1480559052702760960	792731002900709376	1
1480615649449852928	1722707281	1
1480615649449852928	807581581	1
148069573	114412418	1
1481033183072239616	171854699	1
1481689306905387008	317769975	1
1482015066618613760	499796818	1
1482693732646494208	406981868	1
1482786708861210624	1425194624033902594	1
1483047409768972288	1397552279738273793	1
1483455245124526080	419441999	1
1485904211170795520	1360232480	1
1485904211170795520	155695954	1
1485904211170795520	2222183850	1
1485904211170795520	51759517	1
1485920800100294656	1428732356022652939	1
1485920800100294656	2963478049	1
1485937615899709440	738092501853216768	1
1486934372733362176	49685654	1
1487102556111310848	419441999	1
1487149728118759424	1095412353427013633	1
1487211021609619456	155695954	1
1487788046565187584	1487788046565187585	1
148778931	1463451886741123072	1
1488243809179901952	114412418	1
1488488075378499584	1373619394102898690	1
1488488075378499584	1460947166839685128	1
1488488075378499584	696736903857577986	1
1488926726256316416	925061799606718466	1
1489156120597999616	1262453552	1
1489731335300202496	51759517	1
1490442995321159680	1417503189943922693	1
1490467644272791552	1460947166839685128	1
1491083988865363968	1389587492719022082	1
1491083988865363968	1399340094	1
1491083988865363968	1429710335515181056	1
1491337123	792731002900709376	1
1491343138350411776	1181563222853337088	1
1492229341828333568	104170025	1
1492261831854985216	104170025	1
1492261831854985216	1425721067474235394	1
1492261831854985216	419441999	1
1492261831854985216	807581581	1
1492352566771994624	1421548410222620673	1
1493275718549184512	1401075900477841411	1
1493615469517021184	49685654	1
1493882804865744896	1031158965898375168	1
1493882804865744896	1095412353427013633	1
1493882804865744896	1397552279738273793	2
1493882804865744896	1401075900477841411	1
1493882804865744896	1425194624033902594	1
1493882804865744896	1444884495241523207	1
1493882804865744896	1460947166839685128	1
1493882804865744896	155695954	1
1493882804865744896	419441999	1
1493882804865744896	51759517	1
1493882804865744896	807581581	1
1495223430806970368	1082767022897942529	1
1495223430806970368	407185526	1
1500429085	108979965	1
1516149242	1516149242	1
1519882520	51759517	1
1525122290	710758188	1
15471817	155695954	1
1557557558	1397757626	1
1557557558	49685654	1
1562770316	1449150965551181827	1
1562770316	155695954	1
1562770316	499796818	1
158017561	483807769	1
158017561	8001112	1
160880868	3047489380	1
160880868	855424310072270849	1
1612753232	422844875	1
1614964946	1246908203230781440	1
1620000878	210563374	1
1620754188	3423864363	1
1620754188	792731002900709376	1
168782371	1011271767292350465	1
168782371	1129879810141040643	1
168782371	1292771548110233600	1
168782371	1571239352	1
168782371	2651904048	1
168782371	419441999	1
168782371	744848682	1
168782371	857144629082370048	1
1699728120	1460947166839685128	1
1699728120	2989721327	1
1728224730	1428732356022652939	1
1728224730	1460947166839685128	1
1728224730	49685654	1
1729205360	1902963848	1
179871513	179871513	1
186221116	1438762590763724800	1
1880399689	2346570771	1
1880399689	49427517	1
1889472642	1460947166839685128	1
1890600458	146738509	1
18935802	365462238	2
1895353393	2261631554	1
1895353393	419441999	1
1901585569	104170025	1
191579596	419441999	1
195063290	399004979	1
195063290	432637066	1
1971689594	1372271194037231618	1
20042537	1246908203230781440	1
200610844	1490442995321159692	1
201421240	2623362653	1
201421240	52123835	1
20552360	1392726045082767360	1
206832958	467401158	1
209618253	831768450	1
209809831	419441999	1
210153081	1095412353427013633	1
210153081	384431924	1
210153081	395179767	1
210563374	1254009103032225792	1
211254120	104170025	1
2159895334	792731002900709376	1
2196650893	1173223843	1
2196650893	1482316653073506313	1
2196650893	368920797	1
2196650893	807581581	1
2196650893	831768450	1
2200290805	1460947166839685128	1
22004738	404228630	1
2203429105	49685654	1
22038676	429255979	1
2207852354	3077606153	1
221737517	1000480351905632258	1
2222183850	51757652	1
2227488127	792731002900709376	1
2227488127	807581581	1
2235916268	831768450	1
2236516034	374604328	1
2241594340	1011271767292350465	1
2241594340	414108131	1
2247093145	155695954	1
2247093145	1722707281	1
2247093145	51759517	1
225168723	386800314	1
2256727137	49427517	1
2260660337	1023972842948452352	1
2266503746	877570096302051328	1
2280648054	25676606	1
2280648054	52424550	1
2280648054	964366711	1
2288557992	1438224486185291922	1
2288557992	1460947166839685128	1
2288557992	20939149	1
231902290	231902290	1
2321981176	1009420195012792323	1
2321981176	4026982535	1
2322947462	1363484342425640962	1
2324171570	51759517	1
2333745212	747451360715616257	2
233546601	4832457801	1
2338169095	213712180	1
2338484714	253490693	1
2338484714	901003845005971457	1
2341083257	1084193910	1
2341083257	1360232480	1
2341083257	2989721327	1
2353564274	155695954	1
2353564274	433717645	1
2356973067	155695954	1
235709376	1460947166839685128	1
2363922944	51759517	1
2370797451	1173223843	1
2370915699	1106458075182055424	1
2377143224	104170025	1
2377143224	3026367370	1
2377143224	792731002900709376	1
2377143224	807581581	1
2379986716	2222183850	1
2379986716	467401158	1
2382659762	155695954	1
2391090577	1027650131187904512	1
2391090577	1104384196724879362	1
2391090577	1292430232625053696	1
2391090577	1292771548110233600	1
2391090577	1571239352	1
2391090577	444101286	1
2391090577	74488223	1
2391090577	828684502822166532	1
2397689598	2222183850	1
2397689598	419441999	1
2397689598	500882938	1
2397689598	807581581	1
2417474756	892007657208459265	1
2425714605	1006341938117824512	1
2431870516	8001112	1
2439937320	1427547168022401025	1
247505099	901003845005971457	1
2495410641	823975885963399168	1
249593744	1338185335948324864	1
249593744	146738509	1
249593744	155695954	1
249593744	615597661	1
249593744	776465110856589312	2
2517915133	1429815601174810641	1
2525778087	792731002900709376	1
2525778087	900766265245130753	1
2539884768	374604328	1
254969508	104170025	1
2558719822	155695954	1
256468638	419441999	1
2570596687	384431924	1
2588246800	484771907	1
260376774	419441999	1
2604849736	1241329034300198913	1
2604849736	1280098568892801025	1
2612291988	1050141832758341632	1
2615476385	1364588245007405060	1
2615476385	2483513455	1
2615476385	2948869497	1
2615476385	49685654	1
2638466972	114412418	1
26593518	419441999	1
267145675	29416653	1
270050737	365462238	1
2703557176	900766265245130753	1
270623814	1000480351905632258	1
270623814	1123151452594110465	1
270623814	2772829228	1
270623814	483807769	1
271596933	8001112	1
272945830	51759517	1
2740453302	419441999	1
2749566881	971075728438710274	1
2753154182	49685654	1
2754433686	429391019	1
2773663610	419441999	1
2798863589	1460947166839685128	1
2864223991	388780875	1
2865467475	419441999	1
287566348	1254009103032225792	1
287566348	1323352083182084096	1
287566348	1457035846616485891	1
287566348	155695954	1
2895077031	155695954	1
2895077031	930102305743101953	1
2902809855	1467121603683225604	1
29201900	104170025	1
29201900	1311755732782657536	1
2944929857	423281726	1
295535267	317769975	1
2964080254	837847747	1
296721949	114412418	1
2968605063	51759517	1
2969454357	419441999	1
2977852803	155695954	1
299780153	1482316653073506313	1
3004247111	324727144	1
3005566913	1387335716	1
3045945338	2483513455	1
3047940471	1360232480	1
3047940471	1436994257290682368	1
3047940471	419441999	1
3047940471	51759517	1
3077606153	1208811241629716486	1
3079123505	1163905263675543553	1
3080186967	51759517	1
3087331659	625733	1
3092205375	1243490123855138819	1
3099826691	49685654	1
313517712	104170025	1
3172430939	1417503189943922693	1
3172430939	419441999	1
3176594760	2405837416	1
3179856502	1244199163648147456	1
3179856502	78567974	1
3179856502	910903565610356736	1
318325648	24195377	1
318713537	2222783701	1
319342552	419441999	1
319537863	114412418	1
3240817103	467401158	1
324289750	155695954	1
3244161467	1074408932	1
3246056727	419441999	1
324987074	104170025	1
324987074	1482316653073506313	1
3252394091	104170025	1
3252394091	1360232480	1
3252394091	499796818	1
3252394091	51759517	1
3252394091	900766265245130753	1
3261069747	155695954	1
3261069747	3207950973	1
3261069747	368920797	1
3261069747	410065500	1
3261069747	500882938	2
326150500	1004821348730929152	1
326150500	1390763027104993282	1
3262283944	104170025	1
3262283944	1890600458	1
326316197	807581581	1
328935079	2222183850	1
3298655780	1000480351905632258	1
3300222131	1428732356022652939	1
3300222131	49685654	1
3307400673	1173223843	1
3307400673	1360232480	2
3318877703	419441999	1
3345683158	1246908203230781440	1
3353679387	467401158	1
335575872	287939478	1
335575872	846946596	1
3366460893	155695954	1
3366460893	49685654	1
336764210	336764210	1
337045369	51759517	1
3395122599	155695954	1
3405754709	804190579	1
3405754709	900766265245130753	1
342077368	1491311032127692800	1
3420930490	1392726045082767360	1
3422534909	419441999	1
3422534909	792731002900709376	1
3422534909	801766317028245504	1
3423864363	1302321548632698882	1
3425547017	1246375903099314176	1
3425547017	322170949	1
3425547017	434166876	1
3425547017	550555137	1
3425547017	906647966	2
3426504598	419441999	1
3426504598	499796818	1
3457705635	1391750492905222145	1
34885604	1055339384080420866	1
34885604	232908749	2
34885604	404892269	1
353160476	369578338	1
353160476	889221137871360000	1
355012500	104170025	1
355545085	49685654	1
355545085	8873182	1
358890729	1243490123855138819	1
3590817526	1262453552	1
36030252	2917244451	1
3676549834	29416653	1
3676549834	469677548	1
372937945	2879871907	1
373049625	1392726045082767360	1
374068428	384431924	1
3764059997	1000480351905632258	1
3764059997	615597661	1
377453865	741962141280931840	1
378489654	425694410	1
379030092	467401158	1
379030092	857144629082370048	1
3841429516	1620754188	1
3861941236	1460947166839685128	1
387198659	2533287637	1
3880451897	419441999	1
389395835	132880191	1
389395835	306148468	1
389395835	388780875	1
389395835	477555304	1
39338497	1077691849	1
393423439	1246084454352859138	1
395179767	1315020286123802624	1
3978683129	1486685487758819330	1
397961650	2284755698	1
397961650	419441999	1
397961650	51759517	1
399609372	1095412353427013633	1
402819370	1713376332	1
404961989	860337632	1
411653598	373077831	1
414108131	1023972842948452352	4
414108131	1050141832758341632	1
414108131	155695954	1
414108131	2222183850	1
414175238	414175238	1
416534525	705105121315823616	1
4171327882	419441999	1
420419717	1373619394102898690	1
420419717	419441999	1
420419717	51759517	1
420429428	420429428	1
4213226247	807581581	1
421862447	1325811912513368068	1
422771616	51759517	1
423088643	831768450	1
4256026096	419441999	1
425803153	419441999	1
4264082896	374604328	1
429967445	792731002900709376	1
432516884	1246908203230781440	1
432516884	3207950973	1
432516884	425694410	1
432516884	8001112	1
4333392982	467401158	1
433604815	155695954	1
433604815	51759517	1
433604815	766755128	1
435673164	696736903857577986	1
4372515753	1050141832758341632	1
4372515753	1366505333523443715	1
4372515753	51759517	1
4372515753	696736903857577986	1
4372515753	784489264100827137	1
437518410	467401158	1
437734783	1425194624033902594	1
437734783	384431924	1
437734783	49685654	1
438650686	1683455144	1
4394909499	792731002900709376	1
442970267	807581581	1
4459166907	2987790683	1
447170173	114412418	1
447170173	49685654	1
447170173	51759517	1
449850313	2948869497	1
452951935	155695954	1
45392303	1425194624033902594	1
45392303	3182081069	1
45392303	419441999	1
45392303	792731002900709376	1
455285487	1464312736272297992	1
455631190	1460947166839685128	1
455631190	419441999	1
4557625767	49685654	1
457693768	900766265245130753	1
458347992	2346570771	1
460061801	1044496597441236992	1
460061801	1410670358328455175	1
460061801	408068270	1
46215068	111696944	1
462273571	44098068	1
463635153	419441999	1
463635153	500882938	1
463635153	807581581	1
464855487	1173223843	1
464855487	155695954	1
464855487	499796818	1
465471132	419441999	1
465921722	1428732356022652939	1
465921722	778693643976581120	1
470180296	1302616789348691968	1
4702133172	24152905	1
473174242	419441999	1
475150043	1460947166839685128	1
475150043	419441999	1
4754610339	1350057066740781058	1
4764696798	696736903857577986	1
482774450	1292430232625053696	1
482774450	467401158	1
483665419	384431924	1
484484231	1460947166839685128	1
4851430133	384431924	1
4851430133	51759517	1
4851430133	901003845005971457	1
4853695089	155695954	1
4853695089	419441999	1
4853695089	51759517	1
48775728	419441999	1
488844512	2388911602	1
488844512	368920797	1
488844512	419441999	1
488844512	814694737	1
488844512	831768450	1
488844512	845116070	1
489633908	399004979	1
497188910	500882938	1
498068054	49685654	1
500929319	1403751908125331456	1
500929319	1418964653863014401	1
502277474	1614964946	1
503847121	51759517	1
504558286	1325811912513368068	1
50689313	368920797	1
508574683	625733	1
509387044	1360232480	1
509387044	696736903857577986	1
510450172	51759517	1
51157727	104170025	1
51157727	1713134304	1
513790402	1000480351905632258	1
520449095	1713134304	1
521164308	1462149943104360460	1
521164308	696736903857577986	1
52123835	2623362653	1
521620495	114412418	1
521620495	399004979	1
521620495	51759517	1
523682869	104170025	1
523682869	1460947166839685128	1
523682869	419441999	1
525399771	1418964653863014401	1
525763777	1232667590067093506	3
52679176	155695954	1
529718462	1004821348730929152	1
546610139	1088448390835331072	1
546610139	2169799651	1
546610139	2405837416	1
546610139	287566348	1
549017081	49685654	1
550208657	1246908203230781440	1
554313343	1434022273506324482	1
555556029	1077691849	1
555556029	132880191	1
556683312	1077691849	1
556771177	419441999	1
55796259	499796818	1
55796259	831768450	1
560617438	49685654	1
566361704	432516884	1
566428916	3096871079	1
566428916	566428916	1
5718002	1186592658271232000	1
5718002	467401158	1
5718002	792731002900709376	1
585439502	383116512	1
585968039	1428732356022652939	1
585968039	2862730168	1
585968039	3077606153	1
591800852	49685654	1
593817814	1414613757142216707	1
593817814	1428732356022652939	1
600136789	500882938	5
602266773	1428732356022652939	1
605614784	160880868	1
605614784	201789369	1
605614784	3207950973	1
60836149	1460947166839685128	2
60836149	155695954	1
60836149	51759517	1
609509895	1460947166839685128	1
609509895	499796818	1
628527048	44098068	1
632735778	1428732356022652939	1
632735778	433717645	1
65104956	419441999	1
700841898	2948869497	1
701776676	1296390431190679553	1
701776676	807581581	1
702832032	1103693880388657152	1
703708224168599552	1460947166839685128	1
703708224168599552	1485937615899709441	1
703708224168599552	1722707281	1
703708224168599552	738092501853216768	1
703708224168599552	770672957614161921	1
703708224168599552	792731002900709376	1
703708224168599552	807581581	1
705170019769065472	792731002900709376	1
705284330931802112	51759517	1
706755164204625920	28433379	1
708999493929340928	384431924	1
711830999227899904	1360232480	1
713498795347218432	155695954	1
714167586	114412418	1
717970219596165120	1296134026282115077	1
720298583296061440	1722707281	1
722684492	2213170646	1
722684492	429255979	1
725386410358878208	900766265245130753	1
730365142454636544	104170025	2
730365142454636544	1428732356022652939	1
730365142454636544	2339316667	1
730365142454636544	792731002900709376	1
731343264	104170025	1
731343264	807581581	1
733309640	51759517	1
735814251500195840	419441999	1
735814251500195840	4572998716	1
737129292811866112	2405837416	1
737129292811866112	2963478049	1
737129292811866112	51759517	1
737938737053716480	1173223843	1
745207130207170560	2346570771	1
745207130207170560	51757652	1
750419127655858176	2377494538	1
751180558936530944	792731002900709376	1
757521873743798272	114412418	1
757521873743798272	1208811241629716486	1
763323474551181312	1417503189943922693	1
767457121801822208	1097401157272694784	1
768737826234044416	1278593030086418432	1
772938597137801216	4142762261	1
77562743	384431924	1
776430344841101312	1317569525160812547	1
776465110856589312	776465110856589312	3
779275367274188800	1428732356022652939	1
784101368646819840	1246908203230781440	1
784101368646819840	436534155	1
784101368646819840	831768450	1
794082124676681728	872135689403604992	1
794554454087532544	419441999	1
796693921611022336	51759517	1
797164623350919168	1084193910	1
797164623350919168	155695954	1
797374091959406592	467401158	1
797374091959406592	500882938	1
798910302	467401158	1
799007315034800128	51759517	1
800613462741110784	204814083	1
805364712305266688	419441999	1
810235254870937600	51759517	1
815400228	815400228	3
815631238555926528	483807769	1
816780831888969728	104170025	1
821147892	419441999	1
821719770	419441999	1
825866849250398208	419441999	1
827344747	768737826234044416	1
828306291756060672	49685654	1
834135655923978240	1429916701	1
83684321	1360232480	1
83684321	500882938	1
837019878611685376	1011271767292350465	1
837019878611685376	155695954	1
837743712310542336	1213722042	1
837743712310542336	404228630	1
84193474	1270565977	1
84193474	51759517	1
845313296	831768450	1
846016786688593920	1325811912513368068	1
849274159	419441999	1
854667559	1032326690264018944	1
854667559	747877604330508288	1
856186033	114412418	1
856380782847422464	419441999	1
857230825385054208	1302321548632698882	1
86075296	86075296	1
862970692958138368	1246908203230781440	1
86938862	104170025	1
86938862	419441999	1
872076729535406080	1365608008026361856	1
873504593719721984	8873182	1
876376471224410112	607213690	1
87649529	1015293670763921413	1
877535285277597696	3077606153	1
877535285277597696	419441999	1
877535285277597696	501750077	1
87950192	1460947166839685128	1
879812316291903488	710758188	1
879958626080890880	1077691849	1
881014213	1246908203230781440	1
881014213	384431924	1
883032743340322816	1387335716	1
883032743340322816	831768450	1
883300814365896704	104170025	1
883724976158887936	1173223843	1
885303356	467401158	1
887231727143456768	1089500969052848128	1
887300792654475264	1097966142776328197	1
888003701293625344	404892269	1
893527335789580288	51759517	1
895074662	703708224168599552	1
895568973789630464	1254009103032225792	1
895568973789630464	298452328	1
895568973789630464	467401158	1
895568973789630464	747451360715616257	1
895568973789630464	781392022800306176	1
898297518	155695954	1
898297518	1607832000	1
898620354045911040	104170025	1
899192571314016256	419441999	1
90045262	155695954	1
901003845005971456	1311755732782657536	1
907209567406358528	1004821348730929152	1
914924414332014592	155695954	1
919568303894515712	1173223843	1
920005244	51759517	1
920005244	792731002900709376	1
920005244	900766265245130753	1
920824484	768737826234044416	1
921051317161820160	1392726045082767360	1
921051317161820160	4572998716	1
921104575	3047489380	1
92260294	114412418	1
92260294	1392726045082767360	1
92260294	419441999	1
924002019765116928	1208811241629716486	1
926040548	155695954	1
930443682137944064	2222183850	1
936010797217656832	155695954	1
938345883279724544	938345883279724544	1
939404858679091200	1209203058653179905	1
941772138008268800	1074408932	1
941772138008268800	78567974	1
942266220	51759517	1
942395277209755648	1373619394102898690	1
945102892956086272	1246908203230781440	1
945102892956086272	1325811912513368068	1
945102892956086272	1360232480	1
945102892956086272	1425194624033902594	1
945102892956086272	49685654	1
945102892956086272	499796818	1
945102892956086272	51759517	1
945202600051462144	1392726045082767360	1
946380483742633984	696736903857577986	1
949599661471555584	104170025	1
95443928	51759517	1
95514032	467401158	1
956636032002396160	104170025	1
956636032002396160	1460947166839685128	1
958958707840311296	420351046	1
963896448747175936	51759517	1
963896448747175936	602903174	1
964213878	1428732356022652939	1
966702165095059456	104170025	1
966702165095059456	1391750492905222145	1
966702165095059456	1397552279738273793	1
966702165095059456	419441999	1
966702165095059456	831768450	1
96749555	1262453552	1
968163504736952320	1011308525807693829	1
96853674	900766265245130753	1
96960470	1417503189943922693	1
96960470	1958785994	1
969926737361604608	104170025	1
970409903033651200	419441999	1
970804857580990464	1270565977	1
970804857580990464	1475122123161194500	1
970804857580990464	792731002900709376	1
971138218849656832	792731002900709376	1
97189414	196626922	1
972518370846433280	278425671	1
972904701888028672	1418964653863014401	1
975616683611181056	84853836	1
975658764752781312	419441999	1
977605577827389440	1272761126208647168	1
977605577827389440	1278724714681286666	1
977605577827389440	605614784	1
978660801241403392	467401158	1
97948686	1360232480	1
981843302432608256	104170025	1
981843302432608256	1428732356022652939	1
981843302432608256	831768450	1
985232020463935488	3380485666	1
985232020463935488	768737826234044416	1
985252049527984128	155695954	1
986140489	1434022273506324482	1
986140489	804190579	1
987737436926173184	104170025	1
987737436926173184	419441999	1
988479725692735488	484771907	1
988479725692735488	48484178	1
989192558	83449728	1
990546076179591168	900766265245130753	1
99373477	1428732356022652939	1
99373477	51759517	1
99373477	734074574275514368	1
994148481773309952	419441999	1
99702635	2222183850	1
997450507751952384	398117986	1
