100000213	1482032940456587266	1
100000213	429391019	1
1000138698032320512	610570076	1
1000317689498341376	976824487340658688	1
1000346763360919552	1030547915427770368	1
1000832884771577856	368920797	1
1000835549870075904	1161729726286827521	1
1000835549870075904	152336863	2
1000872195227340800	1347852142070145024	1
1001095436877402112	593522933	1
1001748711729434624	155695954	1
1001748711729434624	368920797	1
1001818720489164800	893939057511866368	1
100185915	807944898326515713	1
1002129280938205184	1252591576402071553	1
1002167748326318080	610570076	1
1002167748326318080	951246650	1
1002634999378731008	1421791426292109321	1
1002639111205871616	304899193	1
1002794902458073088	3121591703	1
1003270722578509824	1030547915427770368	1
1003410897220571136	712260921930997760	1
1003729914670043136	1353069759852474371	1
1003920326626086912	1252995641116164102	1
1004874680	2204706469	1
1005991076	1278412542	1
1006111791435472896	919857518960095232	1
1006296619967549440	1161196922	1
1006400634	1699569883	1
1006400634	440691898	1
1006400634	605614784	1
1006493750	1252591576402071553	1
1006821063840468992	610570076	1
1007168088490553344	2842400818	2
1007375462031642624	1423285357219434499	1
1008023208350683136	107517248	1
1008326401	368920797	1
1008326401	3980610207	1
1008811781270245376	1349303685243932672	1
1008912037	1167886748355039232	1
1008912037	1699569883	1
1008912037	440691898	2
1009139997138718720	18935802	1
1009362391258288128	1219298065951133696	1
1009362391258288128	429391019	1
1009420195012792320	1009420195012792323	1
1009420195012792320	2623362653	1
1009420195012792320	477644408	1
1009420195012792320	8001112	2
1009503849332297728	3318549610	1
1009537143813955584	835050144194260992	1
1009551373	3096871079	1
1009590384853385216	1150326714620436480	1
1009590384853385216	1396910234195611654	1
1009590384853385216	843962629	1
1009753376	1190391127209320450	1
1009753376	622839275	1
1009925083	2204706469	1
1010100626	39484463	1
1010213420703141888	1341499509185146880	1
1010503220307865600	1265964896090456064	1
1010503220307865600	3207950973	1
1010503220307865600	368920797	1
1010539536152227840	368920797	1
1010539536152227840	831768450	1
1010545074072117248	1557514573	1
1010652026068525056	3179856502	1
1010807990	1479032567324192771	1
1010824122488811520	375155110	1
1011208804371976192	49018471	1
1011271767292350464	1011271767292350465	1
101181771	1347852142070145024	1
1012415892293083136	1319041399	1
1012658052137410560	395614290	1
1012718378	3299546625	1
1012718378	572817456	1
1012797513148129280	1219298065951133696	1
1012797513148129280	3096871079	1
1013109738345771008	1203597456031834113	1
1013376320481517568	572549273	1
1013543443	1150326714620436480	1
1013654088	39484463	1
1013738288404934656	349610233	1
1013954305	1269002722264653831	1
1013954305	593522933	1
1014859808632197120	710579736519512064	1
1015661811700510720	1106591171525136386	1
1015661811700510720	341709957	1
1015918388428918784	2753154182	1
1015989050	1161196922	1
1015989050	3121591703	1
1016249336903159808	1019929135	1
1016249336903159808	1343955493212065794	1
1016249336903159808	3179856502	1
1016257891270094848	3096871079	1
1017005305	1030547915427770368	1
1017008443104821248	39484463	1
101717447	1019929135	1
1017807360075665408	148778931	1
1017848091377045504	95698009	1
1017975031	1261232156052987904	1
1017975031	3299546625	1
1017975031	831768450	2
1018035015463194624	1004339803314446336	1
1018036205026463744	989423077	1
1019264194863132672	1360779206322495490	1
1019264194863132672	3167399103	1
1019585222	1407277149531353088	1
1019585222	1465053656412213249	1
1019585222	368920797	2
1019585222	705344611	1
1019585222	981455212673142785	1
1019621874744127488	835684763302309888	1
1020002929238073344	1167886748355039232	1
1020002929238073344	332885533	1
1020002929238073344	440691898	1
1020502986	1349620189214748672	1
102052099	419441999	1
1020744549889642496	107517248	1
1020744549889642496	419441999	1
1020744549889642496	468353029	1
1020884688	593522933	1
1021306837	1016249336903159808	1
1022053550	484771907	1
1022901283	831768450	1
1022971756754157568	1053949922003828737	1
1022971756754157568	278907226	1
1023124394158288896	1296390431190679553	1
1023826592	29201900	1
1024702799215509504	935205362885627904	1
1024778318	763784342	1
1025041897	2753154182	1
1025115175798620160	1557514573	1
1025137091435548672	1880324196	1
1025143716	368920797	1
1025397335298334720	265527669	1
1025397335298334720	710579736519512064	1
1025657582185271296	1347852142070145024	1
1025657582185271296	1350168122976841728	1
1025767333988581376	1857528240	1
1025767333988581376	2204706469	1
1025812344838995968	1297607508337610754	1
1026040676	3096871079	1
1026457428	1000835549870075906	1
1026457428	1291440662408306689	1
1026457428	1334158115554603008	1
1026457428	1347852142070145024	1
1026457428	212364488	1
1026457428	267174899	1
1026569455	1050637774548652033	1
1027130908229468160	440691898	1
1027161292354854912	593522933	1
1027177210841636864	1169254465632972800	1
1028524926	440691898	1
1029092106722267136	1443868124659466242	1
1029353286997028864	107517248	1
1029428054324649984	1167886748355039232	1
1029428054324649984	440691898	2
1030165084528627712	1169254465632972800	1
1030547915427770368	2258523345	1
103077927	221902171	1
1031232073057673216	22895893	1
1031251935293329408	107517248	1
103209710	492366149	1
1032944907873345536	35750166	1
10329492	818060002766241793	1
1034359078691250176	593522933	1
1034876533	1347852142070145024	1
1034876533	869873746559062017	1
1034891730	1161196922	2
1034891730	4871507764	2
1035247448866934784	1176480566511845377	1
1035247448866934784	304899193	1
1035805719789010944	1450283846	1
1035915339555647488	412936122	1
1037678352	1443868124659466242	1
1037713867	1072167411984551936	1
1037713867	1161196922	1
1037819534	39484463	1
1037819534	593522933	1
1038063232848674816	221902171	1
1038117661	95698009	1
1038257431	2377487094	1
1038257431	951246650	1
1039152966	1347852142070145024	1
1039181472970797056	725386410358878208	1
1039261419961819136	429327262	1
1039895030	1347852142070145024	1
1039895030	419480134	1
1039960589857157120	1326455841411788801	1
1039960589857157120	1349620189214748672	1
1039960589857157120	419441999	1
1039960589857157120	857865903295344640	1
1040330052007804928	2377487094	1
1040594648845234176	2977944652	1
1040594648845234176	827344747	1
1040721248739831808	1288086111806521349	1
104170025	1426841947029782528	1
1041703168801820672	593522933	1
1042082739850227712	1454443088303345669	1
1042394779	1219298065951133696	1
1042394779	33994488	1
1042482833007239168	1050637774548652033	1
1042482833007239168	39484463	1
1042482833007239168	429255979	1
1042482833007239168	436534155	1
104254004	3096871079	1
1042677486646124544	107517248	1
1042691054	3096871079	1
1042906497129361408	1262570369187221514	1
1042906497129361408	2873377521	1
1043099688	48340544	1
1043355796845854720	3299546625	1
1044601255086166016	843962629	1
104487901	3096871079	1
104489361	8873182	2
1044907412	1161022078084112390	1
1044907412	707022920	1
1044932990	413541326	1
1045528241623224320	1222871997971095552	1
1045585889408290816	1161196922	1
1045642030213472256	1043108743112806400	1
1045642030213472256	107517248	1
1045642030213472256	1404867860036468736	1
1045642030213472256	1453282570582568960	1
1045642030213472256	1460947166839685128	1
1045642030213472256	1610780311	1
1045642030213472256	2182945495	1
1045642030213472256	490139250	1
104612663	2416067982	1
104612663	500714041	1
1047701521	1169254465632972800	1
1047701521	1392726045082767360	1
1047701521	2377487094	1
104810159	1155069798	1
104810159	944190757	1
1048863997	3096871079	1
1049008081	404088514	1
1050070874	3096871079	1
1050385864797446144	1343955493212065794	1
1050753675445104640	1356763460995084288	1
1050753675445104640	3096871079	1
1050992695420817408	1050637774548652033	1
1050992695420817408	329655105	1
1051347590	961324652718120961	1
1051887048850898944	484771907	1
1051904650897698816	39484463	1
1052552909496438784	1052552909496438784	1
1052650359217360896	1171160787127361539	1
1052650359217360896	419441999	1
1052857951969525760	484771907	1
1052861531736674304	1342223197131993088	1
1052983992	1423290967746961418	1
1053037491614339072	221902171	1
1053044102453968896	1347852142070145024	1
1053044102453968896	267174899	1
1053308170448322560	1392726045082767360	1
1053308170448322560	610570076	1
1053450169	1465053656412213249	1
1053600962936475648	944190757	1
1053949922003828736	1316005306363764737	1
1053949922003828736	831768450	1
1055356981	1222871997971095552	1
1055367092	1019929135	1
1055367092	1293504296546381825	1
1055367092	1421791426292109321	1
1055367092	2359406918	1
1055367092	712260921930997760	1
105538883	1443868124659466242	1
1055407818357030912	3096871079	1
1055496302656675840	329492939	1
1055560390720008192	1177656628189044736	1
1055560390720008192	1465053656412213249	1
1055560390720008192	593522933	1
1056521116364214272	569157754	1
1056526429465333760	390340887	1
1056859162263588864	610570076	1
1056869740600328192	1341499509185146880	1
1057392953566617600	169510626	1
1057735056175841280	1150355332016816131	1
1057735056175841280	610570076	1
1057735056175841280	707022920	1
1058633525631614976	386685841	1
1058705067392581632	1320662809248780288	1
1058871258413174784	318713537	1
1058871258413174784	413541326	1
1058940625	1403746200	1
1059798739	279211405	1
1059881101	5893702	1
1059984817	710579736519512064	1
1061317800	1061317800	1
1062643914	297884272	1
1062776392327356416	3299546625	1
1062862212	1427632842075475968	1
1063284314	3262283944	1
1063284314	35750166	1
1063507240471154688	16145985	1
1063745202	231902290	1
1063848216	593522933	1
1063899966	311539656	1
1063917129907490816	429255979	1
1064267064431570944	3121591703	1
1065254220	1278931370	1
1065254220	332885533	1
1065254220	440691898	1
1065446190	3096871079	1
1065698616	1288086111806521349	1
1066057117818331136	368920797	1
1067059978719162368	893939057511866368	1
106724705	1016257891270094848	1
106724705	49018471	1
1068282171436269568	1161196922	1
106842211	1455204821242372096	1
1068464303253131264	16476536	1
1069263193	29201900	1
1069275696	332885533	1
1069275696	593522933	1
1069477208	916324969986101248	1
1069477829593743360	2753154182	1
1070045085784518656	593522933	1
1070109237861343232	1465053656412213249	1
1070109237861343232	195962624	1
107019869	1321958449165553671	1
107019869	3299546625	1
107019869	572549273	1
107019869	777092386883248128	1
1070390856	1203597456031834113	1
1070390856	593522933	1
1070911692	1176480566511845377	1
1071406278084345856	1150326714620436480	1
1071703460142288896	486583213	1
1071703460142288896	894567745655902209	1
1071755390365433856	34236812	1
1072825062091317248	1219298065951133696	2
1072825062091317248	304899193	1
1072825062091317248	3096871079	1
1072825062091317248	3935994664	1
1072963364425490432	628527048	1
1073137664617005056	326316197	1
1074184686	1347852142070145024	1
1074376096018247680	3096871079	1
1074624854	423088643	1
1075142712268111872	1030547915427770368	1
1075329541181190144	1161196922	3
1076150687061413888	1077691849	1
1076517972674531328	440691898	1
1076733102951673856	1219298065951133696	1
1076779266619121664	1161022078084112390	1
1076779266619121664	584529887	1
1076779266619121664	763784342	1
1076836690625466368	1161022078084112390	1
1076836690625466368	1169254465632972800	1
1076836690625466368	1349620189214748672	1
1076836690625466368	1426841947029782528	1
1076836690625466368	1463451886741123072	1
1076836690625466368	419441999	1
1076836690625466368	493153944	1
1076836690625466368	984774856075079680	1
1076931585486848000	1150326714620436480	1
1077208244316180480	1161022078084112390	1
1077208244316180480	3096871079	1
1077269276	388718346	1
1079515672177242112	1233777638742908928	1
1079810941204791296	1161196922	1
1079810941204791296	1200158643813003264	1
1079810941204791296	16476536	1
1079810941204791296	304899193	1
1079810941204791296	3096871079	1
1079810941204791296	429391019	1
1080175327404544000	1222962657294196736	1
1080175327404544000	1433126107814014976	1
108024320	2213170646	1
1080273541	1358123838832312320	1
108061631	24896038	1
108061631	3299546625	1
108061631	867865920	1
1080721419087028224	1203597456031834113	1
1080721419087028224	152198946	1
1081136320897007616	368920797	1
1081290202465947648	1296808989305577472	1
1082317774070927360	1200158643813003264	1
1082608591008399360	2753154182	1
1083680015492022272	2746542772	1
1083680015492022272	2832335447	1
1083827976284921856	950098070771036160	1
1084193910	368920797	2
1084786383414272000	193235156	1
1084849003525750784	15254807	1
1085291572588097536	1155069798	1
1085912953466048512	1024322313779662856	1
1085912953466048512	1265964896090456064	1
1085979823	1443868124659466242	1
1085979823	29201900	1
1086222647258697728	1222871997971095552	1
108663704	1169254465632972800	1
1086928284	3299546625	1
1087107041490100224	15254807	1
1087109647	1427632842075475968	1
1087476792007495680	1161022078084112390	1
1087849336241905664	919526072	1
1088806153	368920797	1
1088872705	1347852142070145024	1
108894737	419441999	1
1089107530247221248	1262570369187221514	1
1089500969052848128	1235244517307166725	1
1091450730597232640	1187419101599277056	1
1091990374401359872	1338991452681072642	1
1092084720	1112474438065377280	1
109213867	4888778955	1
1092371936787812352	725386410358878208	1
1092899267478470656	1236021111399288833	1
1092899267478470656	1250918156291497984	1
1092899267478470656	1369558723027476486	1
1092899267478470656	1441549822020833283	1
1092899267478470656	1447168829885460484	1
1092899267478470656	1477066167466569732	1
1092899267478470656	1493141767939624967	1
1092899267478470656	2241499211	1
1092899267478470656	3020682688	1
1092899267478470656	3096871079	1
1092899267478470656	541812019	1
1092899267478470656	58477091	1
1092899267478470656	763485613	1
1093251163116449792	15254807	1
1094367407878098944	1248754643498303489	1
1094699255367983104	3377260318	1
1095677190	368920797	1
1095677190	47626792	1
1095677190	815169029681856512	2
1095677190	992494577629179904	1
1096126365215178752	1443868124659466242	1
1096126365215178752	610570076	1
1096193306	2865436081	1
1096420074	1446513907573698563	1
1097013117354151936	831768450	1
1097134586415538176	610570076	1
1097134586415538176	826706733867335680	1
1097583624189292544	843962629	1
109817799	447231894	1
1098241328150908928	1484846641236611072	1
1098262302	2303644001	1
1098262302	2866061393	1
1098510936879624192	1266679254793818112	1
1099018745643700224	1252591576402071553	1
1099567670	1376998879313461251	1
1100119884489523200	297884272	1
1100119884489523200	424216485	1
1100417412489302016	1093522737241513984	1
1100725721465532416	710579736519512064	1
1101225057161003008	3096871079	1
1101446990	1050637774548652033	1
1101507421527252992	1087636850137812994	1
1101507421527252992	1093522737241513984	1
1101507421527252992	2852316766	1
1101963793	484771907	1
1101974991216799744	1072167411984551936	1
1102328625897136128	1347852142070145024	1
1102344151	1019929135	1
1102344151	107517248	1
1102344151	1219298065951133696	1
1103590633753792512	75989092	1
1103786235519270912	1396910234195611654	1
110396763	329647103	1
110454337	1161196922	1
110454337	1307904522	1
110454337	1408915480740515840	1
110454337	835050144194260992	1
1104651562453008384	747451360715616257	1
1104770430	2232945925	1
1104770430	393647707	1
1104770430	419480134	1
1105021068	107517248	1
1105021068	1441789211451949056	1
1105021068	1443868124659466242	1
1105021068	35750166	1
1105021068	49018471	1
1106146124606464000	1222871997971095552	1
1106146124606464000	463714843	1
1106188385591402496	1050637774548652033	1
1106188385591402496	446477795	1
1106188385591402496	955421331994050560	1
1106269167114743808	1364939599601168385	1
1106449976	107517248	1
1106449976	1262570369187221514	1
1106449976	1402578117877800964	1
1106449976	1443868124659466242	1
1106449976	2377487094	1
1106654538512154624	1484846641236611072	1
1106654538512154624	2512467861	2
1106654538512154624	78567974	1
1107438535	1338991452681072642	1
1108660999731728384	1190391127209320450	1
1108677910800617472	1019929135	1
1108682857386520576	1203597456031834113	1
1109063856721145856	726853842294456321	1
1109178580049846272	1088809307590795264	1
1109178580049846272	705344611	1
1109639072	1004821348730929152	1
1109639072	1161022078084112390	1
1109824066612006912	368920797	1
1109829834	8001112	1
1111593906	304899193	1
1111685602259468288	1283820812735254535	1
1111694110119870464	368920797	1
1112292775943389184	419480134	1
1112726270993936384	2753154182	1
1112753621601521664	1557514573	1
1112753621601521664	746638522539466752	1
1114648990816120832	329492939	1
1114648990816120832	455952634	1
1114817509910355968	1019929135	1
1114817509910355968	1463451886741123072	1
1114817509910355968	3096871079	1
111648595	18613760	1
1116790574	35750166	1
1117415327615397888	440691898	1
1117464055659356160	1443868124659466242	1
1117464055659356160	3096871079	1
1117464055659356160	857865903295344640	1
1118408123360919552	58477091	1
1118408123360919552	95698009	1
1118430485242351616	610570076	1
1118589813052059648	1465053656412213249	1
1119300777909133312	2182945495	1
111966918	1190391127209320450	1
111966918	1310172300503810049	1
111966918	993420032301502464	1
1119685232708521984	1155069798	1
1119685232708521984	559161266	1
1119685232708521984	954175525	1
1119843540	107517248	1
1119992919145033728	1023972842948452352	1
1119992919145033728	900766265245130753	1
1120147435	815169029681856512	1
1120764652349198336	25508589	1
1120764652349198336	331617619	1
1120989916668878848	1392726045082767360	1
1120989916668878848	1423290967746961418	1
1121010463352020992	3545192475	1
1121040713838469120	2827709824	1
1121265637	1190391127209320450	1
1121265637	628527048	1
1121624997179478016	1288086111806521349	1
1121658702254133248	1087636850137812994	1
1121842509519437824	3318549610	1
1121951191	2865436081	1
1122512446357422080	18613760	1
1123009382	247209095	1
1123858502118776832	707022920	1
1124942637134426112	1169254465632972800	1
1125109580	593522933	1
1125264336006668288	1472111659	1
1125264336006668288	279211405	1
1125264336006668288	932238375104499717	1
1125321051758563328	607155294	2
1125739798176595968	1360232480	1
1126330494	121086102	1
1127180263275020288	1019929135	1
1127180263275020288	1150355332016816131	1
1128224182750384128	1176480566511845377	2
1128387185114263552	107517248	1
1128880757185888256	1009420195012792323	1
1128880757185888256	1011884485196042241	1
1128880757185888256	221902171	1
1128880757185888256	39484463	1
1128880757185888256	425686235	1
1128880757185888256	593522933	1
1128880757185888256	930822249707376640	1
1130197839047483392	1130197839047483393	1
1130197839047483392	1202641460778143744	1
1130197839047483392	4702133172	1
1130197839047483392	747451360715616257	1
1130521967864500224	710579736519512064	1
1130594646147719168	1167886748355039232	1
1130909718	1443868124659466242	1
1131063152	1219298065951133696	1
1131063152	95698009	1
1131645518	1053949922003828737	1
1132653910890635264	304899193	1
1132954639236849664	1030790736663519233	1
1133004105767694336	1288086111806521349	1
1133004105767694336	2842400818	1
1133004105767694336	34236812	1
1133004105767694336	368920797	1
1133111378045284352	1171131380	1
1133455818429480960	39484463	1
1134367888373100544	5404582	1
1134395639507365888	458828660	1
113475801	835050144194260992	1
1135136972	831768450	1
1135143962694553600	1268998890386227202	1
1135143962694553600	1341499509185146880	1
1135143962694553600	1958479592	1
1135427762	1288086111806521349	1
1135526454324842496	712260921930997760	1
1136584844618678272	440691898	2
1137610876859629568	426145818	1
113773249	95698009	1
1139503279921139712	1150355332016816131	1
1139607519750447104	510528209	1
1139983379426947072	1024322313779662856	1
1139983379426947072	1161022078084112390	1
1139983379426947072	1161196922	1
1139983379426947072	1176480566511845377	1
1139983379426947072	989423077	1
1140366230	3096871079	1
1140382820	2719917316	1
114058996	280175586	1
1140692887300136960	1373008866397544452	1
1140782531597471744	1252923618125852672	1
1142032210045886464	1095412353427013633	1
1142032210045886464	1190391127209320450	1
1142032210045886464	1200818228777357312	1
1142782223193653248	1421791426292109321	1
1143175728046977024	1032944907873345541	1
1143175728046977024	1455204821242372096	1
1143175728046977024	3096871079	1
1143393739	265527669	1
1143894069946593280	440691898	2
1143922956	368920797	1
1143970679139774464	1326592458151649287	1
1143970679139774464	1341499509185146880	2
1144508978975690752	1187390189628469248	1
1144612142458527744	429391019	1
1145246315200352256	1344283837526925315	1
1145584326	628527048	1
1145734207639101440	106560408	1
1146147427	1203887463074344960	1
1146412314251448320	1465053656412213249	1
1146412314251448320	2623362653	1
1146412314251448320	425686235	1
1146567252378103808	1326592458151649287	1
1146567252378103808	1341499509185146880	2
1146673888891457536	1150326714620436480	1
1146698519715176448	1139411343188975618	1
1146698519715176448	1465053656412213249	1
1146698519715176448	944190757	1
1147108037204856832	3096871079	1
1147935144	388780875	1
1148307902572171264	1462202130891218945	1
1148307902572171264	977383349235961857	1
1148678160	107517248	1
1150054581906432000	1219298065951133696	1
1150111199419408384	39454080	1
1150404662954201088	1285337506171572227	1
1150751883566493696	1454443088303345669	1
1150751883566493696	1487113065309130752	1
1151180805638676480	306148468	1
1151785600326021120	1019929135	1
1151785600326021120	1252591576402071553	1
1152861351372570624	1252591576402071553	1
1153176332	107517248	1
1153176332	1190391127209320450	1
1153176332	1297607508337610754	1
11540552	1024322313779662856	1
1154079946991706112	1222871997971095552	1
1154663621617737728	1293504296546381825	1
1154663621617737728	1356167777485258753	1
1154663621617737728	1443868124659466242	1
1154663621617737728	712260921930997760	1
1154669124645261312	610570076	1
1155207979	1219298065951133696	1
1155207979	1252591576402071553	1
1155207979	1364939599601168385	1
1155207979	1467559050493706244	1
1155207979	49018471	1
1155408411196047360	593522933	1
1156217235637252096	397451873	1
115649273	1299371	1
1156830576592203776	1019929135	1
1157213966935961600	1396910234195611654	1
1157622780541775872	107517248	1
1157771156830769152	413541326	1
1157781200	107517248	1
1157781200	1248341835770200064	1
1157781200	49018471	1
1157781200	747184721935933440	1
1157781200	784525968	1
1157781200	989423077	1
1157816388477698048	318316671	1
1158164456	3096871079	1
1158279666840612864	1169254465632972800	1
1158455999818280960	107517248	1
1158636630774886400	1050637774548652033	1
1158716606723317760	1443868124659466242	1
1159393215855976448	2182945495	1
1159522170	3096871079	1
1159853921227198464	738092501853216768	1
1160101840345796608	368920797	1
1160278561	1219298065951133696	1
1160278561	368920797	1
1160278561	593522933	1
1160278561	705344611	1
116050560	1167886748355039232	1
116050560	1346448058746363904	1
116050560	332885533	1
116050560	368920797	1
116050560	440691898	1
116050560	593522933	1
1160520321277054976	710579736519512064	1
1160826529624023040	1482316653073506313	1
1160852194117201920	1278931370	1
1160852194117201920	440691898	1
1160890629225951232	2996281582	1
1161154264187715584	1434022273506324482	1
1161243870870614016	1222871997971095552	1
1161432048353107968	1150326714620436480	1
1161432048353107968	1266623214991683584	1
1161432048353107968	843962629	1
1161744419038609408	1169254465632972800	1
1162441321598128128	3096871079	1
1163031534565285888	3318549610	1
1163185103784337408	1349620189214748672	1
1163185103784337408	3096871079	1
1163205920349986816	1150326714620436480	1
1163363987444109312	112386378	1
1163777072139001856	47626792	1
1163805426670084096	1453282570582568960	1
1164135819243921408	1030547915427770368	1
1164135819243921408	1347852142070145024	1
1164441014234439680	1203597456031834113	1
1164441014234439680	1465053656412213249	1
1164441014234439680	3207950973	1
1164441014234439680	892382794810363904	1
1164470940698316800	1219298065951133696	1
1164594086722068480	3096871079	1
1164619170853654528	1219298065951133696	1
1164832049963732992	1020303953974759424	1
1165583241056796672	1161729726286827521	1
1166155885359652864	1557514573	1
1166155885359652864	2182502256	1
1166400933183545344	2377487094	1
1166400933183545344	747184721935933440	1
1166400933183545344	78567974	1
1166451475821846528	1263042661	1
1167004816603828224	1093522737241513984	1
1167004816603828224	39484463	1
1167004816603828224	593522933	1
1167030798	107517248	1
1167030798	2377487094	1
1167033145411231744	1190391127209320450	1
1167040358330642432	1200818228777357312	1
1167040358330642432	1219298065951133696	1
1167040358330642432	1349620189214748672	1
1167040358330642432	26063188	1
1167221053	477644408	1
1167769625301606400	2253042083	1
1167769625301606400	2951863185	1
1167884176911151104	1167884176911151104	2
1168202277091516416	1167886748355039232	1
1168202277091516416	1482834883680559104	1
1168202277091516416	1557514573	1
1168202277091516416	440691898	1
1168229197984215040	8873182	1
1168229197984215040	919526072	1
1168756376946040832	827344747	1
1168765200872484864	148778931	1
1168797480	14575613	1
1168804900190470144	413541326	1
1168983082235551744	1222871997971095552	1
1169174599885611008	1460947166839685128	1
1169174599885611008	49018471	1
1169328008164990976	707022920	1
1169374199338676224	1219298065951133696	1
1169374199338676224	831768450	1
1169506849	1026411961137999872	1
1169506849	1349620189214748672	1
1169506849	1364939599601168385	1
1169506849	265527669	1
1169506849	3096871079	1
1169506849	919526072	1
1170008913758052352	3096871079	1
1170321200666611712	1482927091	1
1170382579922612224	1203597456031834113	1
1170382579922612224	8001112	1
1170386536371761152	1266623214991683584	1
1170386536371761152	2253042083	1
1170404625301852160	610570076	1
117172862	1190391127209320450	1
1171743470802915328	477644408	1
1171743470802915328	593522933	1
1171784627461251072	1200158643813003264	1
1171784627461251072	1338991452681072642	1
1171784627461251072	827344747	1
1171897332474007552	1219298065951133696	1
1171982814	977383349235961857	1
1172177702528454656	1088383122	1
1172177702528454656	1215941581972307970	1
1172318792	107517248	1
1172630808	3874001362	1
1172654034278371328	1460842356605865991	1
1172654034278371328	168801032	1
1172654034278371328	429255979	1
1173143898459398144	1095011150998265856	1
1173143898459398144	3096871079	1
1173146257768009728	843962629	1
1173342017642008576	1061995816708124673	1
1173701547492028416	1434022273506324482	1
1173730507395387392	311085387	1
1173951271	2396920220	1
1173951271	368920797	1
1173951271	831768450	2
1174260689713713152	1345835909841887232	1
1174260689713713152	610570076	1
1174600585707970560	917676343143419904	1
1174792591713406976	8873182	1
1174975232	447231894	1
1174975232	792382352	1
1175313651974246400	3155682418	1
1175378057659584512	1341499509185146880	1
1175725012059402240	1106591171525136386	1
1176023584420052992	951246650	1
1176091192796352512	429327262	1
1176517637544796160	419441999	1
1176577856	461067562	1
117710026	1347852142070145024	1
1177191953152303104	473169444	1
1177290360877453312	3096871079	1
1177553829660770304	1219298065951133696	1
117757736	107517248	1
1178313325974818816	1434022273506324482	1
1178798798858047488	3299546625	1
1179107244597755904	1250918156291497984	1
1179962942	1053949922003828737	1
1179962942	1485652292498083845	1
1179962942	3371001149	1
1179962942	440691898	2
1180132845664292864	419441999	1
1180237460065996800	221902171	1
1180237460065996800	334337968	1
1180252686	846701750199468032	1
1180779899998670848	39484463	1
1180930860889063424	1203597456031834113	1
1181138850892193792	419441999	1
118141653	107517248	1
118141653	331617619	1
118141653	419441999	1
1181669315768131584	2377487094	1
1181670974888058880	1454443088303345669	1
1181670974888058880	1482316653073506313	1
1181847132766113792	419441999	1
1183254864	1030547915427770368	1
1183254864	48340544	1
1183381612635086848	857865903295344640	1
1184147629673988096	1491311032127692800	1
1184147629673988096	419441999	1
1184553127539871744	417962415	1
1184886046233899008	341709957	1
118513045	3126510327	1
1186262246713974784	312555580	1
1187419101599277056	132470882	1
1187419101599277056	138000593	1
1187419101599277056	8001112	1
1189201671043342336	413541326	1
1189519863934586880	1169254465632972800	1
1189519863934586880	951246650	1
1189654234851090432	1460947166839685128	1
1190011408647434240	1403746200	1
1190206588059095040	696736903857577986	1
1190391127209320448	1190391127209320450	1
1193103145821495296	1161022078084112390	1
1193103145821495296	3096871079	1
1193471736727121920	1285337506171572227	1
1193733110	304899193	1
1193780617	1349620189214748672	1
1193780617	3046855107	1
1193780617	3318549610	1
1193780617	70971449	1
1193780617	831768450	2
1194142449310011392	1297440859265339392	1
119418146	1606847226	1
1194222550550827008	1203597456031834113	1
1194222550550827008	39484463	1
1194222550550827008	831768450	1
1194222550550827008	85117452	1
1195528848298917888	95698009	1
1196736020	1347852142070145024	1
1196736020	484771907	1
1197170728141049856	1356167777485258753	1
1197201381041594368	1486125517011042305	1
1198015322839830528	1434022273506324482	1
1198355954678616064	1198355954678616064	1
1198355954678616064	1438224486185291922	1
1198355954678616064	425936488	1
1198658049688424448	1155459166380744709	1
1198658049688424448	1429019899284840451	1
1199127172990021632	1352743877233487873	1
1199424049493004288	1252995641116164102	2
1199424049493004288	1296808989305577472	1
1199424049493004288	1323417421059923968	1
1199424049493004288	1628613343	1
1199424049493004288	3307514044	1
1199424049493004288	804265180054126592	1
1199600268	107517248	1
1200015024	1241291158694907904	1
1200015024	2644998883	1
1200387273453457408	1190391127209320450	1
1200449290973396992	1219298065951133696	1
1200853862967660544	368920797	1
1201012040	440691898	2
1201160808249647104	419441999	1
1201691502	1053949922003828737	1
1201691502	447231894	1
1201691502	4702133172	1
1201691502	593522933	1
1202000430479400960	440691898	1
1202124144437006336	944190757	1
1202613816573317120	1360232480	1
1203357119958986752	4572998716	1
1203597456031834112	1000835549870075906	1
1203597456031834112	1077691849	1
1204566027918618624	1252591576402071553	1
1204773515209170944	1347852142070145024	1
1205484557845356544	543774554	1
1205733451837648896	1457331312067547138	1
1206918507373481984	1024322313779662856	1
1206918507373481984	1460842356605865991	1
1207424447897989120	2753154182	1
1207583332030124032	1095412353427013633	1
1207936473472884736	835050144194260992	1
1207978284115472384	1433430916190195712	1
1207998287233597440	860917372835827716	1
1208458128523743232	107757186	1
1208458128523743232	1167886748355039232	1
1208458128523743232	1234873928306262016	1
1208458128523743232	2832335447	1
1208458128523743232	440691898	2
1208458128523743232	777092386883248128	1
1208489632352133120	440691898	1
1208737823710482432	1222871997971095552	1
1208988355	39484463	1
1209771690	1349620189214748672	1
1209942123308560384	593522933	1
1210114598654873600	297884272	1
1210293770333380608	1019929135	1
1211226950372429824	1262165282	1
1211947009	1150326714620436480	1
1211947009	1396910234195611654	1
1212190158134448128	893939057511866368	1
1212442492018118656	1392726045082767360	1
1212442492018118656	2377487094	1
1212442492018118656	610570076	1
1212831226068783104	1202641460778143744	2
1212882493	107517248	1
1212882493	1219298065951133696	1
1214181762240147456	710579736519512064	1
1214203433219026944	3935994664	1
1215273083965231104	29201900	1
1215678906939990016	306148468	1
1215678906939990016	325564671	1
1215678906939990016	444921429	1
1215686550786277376	1004339803314446336	1
1216018947566374912	341709957	1
1216348088148819968	132880191	1
1216846151569301504	1252591576402071553	1
121689573	3155682418	1
121689573	418028983	1
1217493838731804672	107517248	1
1217682216567873536	738092501853216768	1
1218283740419493888	244081502	1
1218283740419493888	388780875	1
1218283740419493888	429255979	1
1218560115340607488	1203597456031834113	1
1218560115340607488	95698009	1
1219231327	24896038	1
1219341665560940544	1167886748355039232	1
1219588396886241280	1203597456031834113	1
1219588396886241280	815169029681856512	1
1220020849652137984	1557514573	1
1220089860180054016	1004339803314446336	1
1220089860180054016	1311014234738876418	1
1220089860180054016	1316005306363764737	1
1220089860180054016	1349484592491859973	1
1220089860180054016	142204068	1
1220089860180054016	467411504	1
1220089860180054016	892382794810363904	1
122030995	1161196922	1
1220332021026885632	1482316653073506313	1
1220397655668510720	252282862	1
1220466824166432768	1396910234195611654	1
1220728797206646784	16476536	1
1220728797206646784	429391019	1
1220783928337977344	3841429516	1
1220811823	1004339803314446336	1
1220811823	39484463	1
1221049251272318976	1087636850137812994	1
1221078933338279936	1254009103032225792	1
1221078933338279936	1278931370	1
1221078933338279936	593522933	1
1221128126341750784	893939057511866368	1
1221563242977419264	297884272	1
1221719288	893939057511866368	1
1222235658305052672	1004339803314446336	1
1222235658305052672	1059968365	1
1222235658305052672	1077691849	1
1222235658305052672	1106591171525136386	1
1222235658305052672	1167886748355039232	1
1222235658305052672	1236021111399288833	1
1222235658305052672	1349466010835890177	1
1222235658305052672	1421791426292109321	1
1222235658305052672	1465053656412213249	1
1222235658305052672	368920797	1
1222235658305052672	440691898	2
1222235658305052672	593522933	1
1222676508	1252591576402071553	1
1222676508	1715187884	1
1223007450179215360	107517248	1
1223007450179215360	1293504296546381825	1
1223007450179215360	2873377521	1
1223007450179215360	3121591703	1
1223606238627475456	3179856502	1
1224040351675142144	1180579810906705920	1
1224165516	368920797	1
1224287141947232256	49018471	1
1224996284	1019929135	1
1224996284	112386378	1
1224996284	2377487094	1
1224996284	304899193	1
1225044412356616192	892382794810363904	1
1225341095699238912	1252591576402071553	1
1225341095699238912	1349620189214748672	1
1225509780	1699569883	1
1225509780	332885533	1
1225884457	447231894	1
1226014117	477644408	1
1226014117	941928635715477505	1
1226053888513626112	1278931370	1
1226053888513626112	368920797	1
1226053888513626112	831768450	1
1226433999041679360	1150326714620436480	1
1226925410556006400	707022920	1
1227144498	1155459166380744709	1
1227161733665566720	49273317	1
1227614582912540672	1360232480	1
1227633852753104896	610570076	1
1227886183	3096871079	1
1227982760	1200158643813003264	1
1227982760	395218906	1
1228296673857875968	2431159305	1
1228466690	1112474438065377280	1
1228603615125868544	1254755875174088704	1
1228603615125868544	510528209	1
1229058453701890048	1729205360	1
1229374069713375232	1150326714620436480	1
1229377915	1000835549870075906	1
1229377915	107757186	1
1229377915	1082984088	1
1229377915	1139411343188975618	1
1229377915	2303644001	1
1229377915	231902290	1
1229377915	3346979326	1
1229377915	388780875	1
1229377915	429255979	1
1229377915	477644408	1
1229377915	73670044	1
1229377915	781383422484897792	1
1229377915	8001112	1
1229409632	1252591576402071553	1
1229409632	1402578117877800964	1
1229409632	993443536937865216	1
1229882905	3096871079	1
1230818678	913847849053548544	1
1231565391543050240	1248341835770200064	1
1231565391543050240	265527669	1
1231580052439097344	150725695	1
1232613215110074368	1161196922	1
1232613215110074368	2377487094	1
1233137999682113536	1169254465632972800	1
1233387578054860800	1347852142070145024	1
1233445109250785280	1347852142070145024	1
1233489194955296768	17214580	1
123351555	2951863185	1
1233841868661764096	1347852142070145024	1
1234838308959801344	1261232156052987904	1
1234838308959801344	961324652718120961	1
1234873928306262016	1106591171525136386	1
1234873928306262016	1254009103032225792	1
1234873928306262016	368920797	1
123497251	2842400818	1
1235185167733489664	1293504296546381825	1
1235285426	3096871079	1
1235450596850913280	329492939	1
1235621897796280320	107517248	1
1235621897796280320	1427632842075475968	1
1235787038785507328	1327551194395516928	1
1235787038785507328	2870510927	1
1235787038785507328	781383422484897792	1
1236343528747347968	1219298065951133696	1
1236343528747347968	350480549	1
1236343528747347968	95698009	1
1236800418304450560	1167886748355039232	1
1236800418304450560	1288086111806521349	1
1236800418304450560	1421791426292109321	1
1236800418304450560	1876212612	1
1236800418304450560	440691898	1
1236800418304450560	50361109	1
1237045959789613056	2753154182	1
1237045959789613056	3096871079	1
1237169096489385984	1222871997971095552	1
1237499784870670336	593522933	1
1237851955554213888	261628112	1
1237870552263446528	593522933	1
1238014383512485888	1200818228777357312	1
1238014383512485888	1326240673281028096	1
1238080592618676224	1004339803314446336	1
1238080592618676224	34236812	1
1238080592618676224	710428189273751552	1
1238208769819099136	1462202130891218945	1
1238208769819099136	894567745655902209	1
1238386559159873536	3155682418	1
1238499052364464128	1019929135	1
1238755183313727488	297884272	1
1238810926805065728	2203647138	1
1238877700166692864	1150326714620436480	1
1238888091986866176	1288086111806521349	1
1238976191417237504	831768450	1
1239043448566681600	835684763302309888	1
1239122714	1219298065951133696	1
1239183543382802432	95698009	1
1239559948822077440	2182945495	1
1239559948822077440	358890729	1
1239969355280105472	3179856502	2
1239987387029164032	107517248	1
1240110720429240320	1155459166380744709	1
1240110720429240320	1415638189461712902	1
1240110720429240320	1482316653073506313	1
1240110720429240320	1922840113	1
1240110720429240320	725949864	1
1240191309526302720	429255979	1
1240214959776239616	1093522737241513984	1
1240214959776239616	1219072768148373504	1
1240214959776239616	1270431569656909825	1
1240214959776239616	1316005306363764737	1
1240214959776239616	1421791426292109321	1
1240214959776239616	419760997	1
1240214959776239616	440691898	1
1240214959776239616	831768450	2
1240578860225363968	35750166	1
1240578860225363968	45120224	1
1240578860225363968	497283729	1
1240578860225363968	628527048	1
1240722288368062464	1465053656412213249	1
1240722288368062464	593522933	1
1240722288368062464	835684763302309888	2
1240786200	412936122	1
1241114176275255296	593522933	1
1241266219	1019929135	1
124132478	124499756	1
1241472625785942016	1219298065951133696	1
1241562452468391936	1349620189214748672	1
1242099728046841856	1422988447720034309	1
1242155106721837056	1050637774548652033	1
1242220825	39484463	1
1242220825	429255979	1
1242506965068189696	326316197	1
1242549203856916480	955421331994050560	1
1242561166704082944	1004339803314446336	1
1242637958559211520	1106591171525136386	1
1242637958559211520	892382794810363904	1
1242779555527614464	52352441	1
1242828742449418240	1443868124659466242	1
1243305305162866688	1424280154453458950	1
1243496768786116608	1427632842075475968	1
1243549083500982272	1341499509185146880	1
1243575912337113088	107517248	1
1243670514389987328	107517248	1
1243670514389987328	1340737374666563584	1
1243670514389987328	265527669	1
1243705190	1025657582185271296	1
1243705190	1350168122976841728	1
1243705190	2321981176	1
1243872080	1219298065951133696	1
1244058540798619648	3299546625	1
1244199163648147456	112386378	1
1244199163648147456	931969710	1
1244715724259692544	1056181166070489088	1
1244902114700255232	112386378	1
1244920311776251904	477644408	1
1245190831	1482316653073506313	1
1245225642003660800	2996281582	2
1245225642003660800	893939057511866368	1
1245291955636113408	95698009	1
1245403800522887168	1262570369187221514	1
1245445880540467200	1219298065951133696	1
1245687281467392000	1030547915427770368	1
124594588	1465053656412213249	1
124594588	304306690	1
124594588	306148468	1
124594588	593522933	1
1246088563529302016	1019929135	1
1246088563529302016	1252591576402071553	1
1246088563529302016	265527669	1
1246211106948907008	1392726045082767360	1
1246341246798516224	1334739001933258758	1
1246341246798516224	1421791426292109321	1
1246545500033224704	1246545500033224706	1
1246545500033224704	8001112	1
1246752189219049472	157634351	1
1246752189219049472	2377487094	2
1246782705959870464	16476536	1
1246806083718520832	406981868	1
1246832425130483712	413541326	1
1246905536672604160	1150326714620436480	1
1246905536672604160	2203647138	1
1246917715941634048	1392726045082767360	1
1247098161044299776	610570076	1
1247286475	1150326714620436480	1
1247286475	368920797	1
124729021	1557514573	1
1247360977	423281726	1
1247430708	1219298065951133696	1
1247430708	1392726045082767360	1
1247558843955064832	1000861194037743616	1
1247558843955064832	106560408	1
1247558843955064832	1203597456031834113	1
1247647650037497856	2377487094	1
1248155451683979264	76033937	1
1248347579383009280	1443868124659466242	1
1248347579383009280	304899193	1
1248347579383009280	3096871079	1
1248365893681283072	1364939599601168385	1
1248468055170007040	1421791426292109321	1
1248468055170007040	440691898	1
1248592634752401408	1009420195012792323	1
1248592634752401408	1011308525807693829	1
1248592634752401408	1059968365	1
1248592634752401408	1203597456031834113	1
1248592634752401408	1253026273301090306	1
1248592634752401408	134036554	1
1248592634752401408	1342044638987890688	1
1248592634752401408	1373341210463584257	1
1248592634752401408	1407277149531353088	1
1248592634752401408	2333745212	1
1248592634752401408	333214378	1
1248592634752401408	440691898	1
1248592634752401408	467411504	1
1248592634752401408	593522933	1
1248592634752401408	781383422484897792	1
1248608241606463488	16145985	1
1248609816576065536	331617619	1
1248614977	1321476289	1
124870611	444921429	1
1248716274651234304	3096871079	1
1248766388354850816	1158791818995228672	1
1248766388354850816	989423077	1
1248950663880605696	3096871079	1
1248950663880605696	5893702	1
1249257517626130432	1443868124659466242	1
1249405307073089536	989423077	1
1249412358637666304	2182945495	1
1249624386870657024	1089777195483045893	1
1249675988	3096871079	1
1249751534	332885533	1
1249751534	440691898	1
1249751534	593522933	1
1249775917997719552	878991600231251970	1
1249813315427209216	1219298065951133696	1
1249813315427209216	1351153900536164354	1
1249813315427209216	1423285357219434499	1
1249813315427209216	16476536	2
1249813315427209216	174210451	1
1249813315427209216	331617619	1
1249813315427209216	350480549	1
1249842258226053120	1161196922	1
1249842258226053120	1190391127209320450	1
1249842258226053120	1276356233214283776	1
1249842258226053120	1468584911045283840	1
1249842258226053120	2753154182	1
1250267900	1024322313779662856	1
1250267900	2771636649	1
1250355750	1434022273506324482	1
1250435010697388032	39484463	1
1250669646765834240	1055380681	1
1251089251	1167886748355039232	1
1251089251	1278931370	1
1251089251	329647103	1
1251089251	389749132	1
1251089251	777092386883248128	1
1251213175	484771907	1
1251488608768405504	297884272	1
1251540779153137664	1491311032127692800	1
1251540779153137664	2377487094	2
1251614810581721088	368920797	1
1251668659648561152	304899193	1
1251764705712132096	1053949922003828737	1
1251764705712132096	1465053656412213249	1
1251764705712132096	2832335447	1
1251764705712132096	3299546625	1
1251810252732973056	1144941024856461313	1
1251810252732973056	419441999	1
1252181674256990208	10329492	1
1252343261064310784	2377487094	1
1252509296530722816	1150326714620436480	1
1252546291999158272	1129447967168114690	1
1253183756783026176	1030547915427770368	1
1253249513797664768	517520322	1
1253249513797664768	843962629	1
1253733537162952704	1047429818004983808	1
1253733537162952704	1151782801693392896	1
1253733537162952704	1327551194395516928	1
1254169421914013696	835050144194260992	1
1254327853702930432	51032068	1
1254331416273399808	1190391127209320450	1
1254755875174088704	1050637774548652033	1
1254755875174088704	3096871079	1
1254755875174088704	835050144194260992	1
1254818129680781312	1001200038624849925	1
1254832039	1000835549870075906	1
1254832039	1254009103032225792	1
1254832039	152336863	1
1255171750079406080	3096871079	1
1255216247136010240	1261232156052987904	1
1255216247136010240	1557514573	1
1255216247136010240	3299546625	1
1255377989325541376	39484463	1
1255481951013781504	1167886748355039232	1
1256345888773079040	1413730903	1
1256599404	1421791426292109321	1
1256599404	1453282570582568960	1
1257072463	1292430232625053696	1
1257303017759494144	494357346	1
1257622974	1029182665	1
1257622974	3299546625	1
1258867179191259136	10329492	1
1258867179191259136	1460506982637621255	1
1258867179191259136	78567974	1
1258867179191259136	919526072	1
125941209	1161196922	1
125941209	429255979	1
1259488258456793088	1113338427339083776	1
125950791	3096871079	1
1259684209	593522933	1
1259759928958496768	1259759928958496769	1
1259759928958496768	893939057511866368	1
1259836493155250176	49018471	1
1260195365111894016	3046855107	1
1260236809709260800	341709957	1
1260236809709260800	76033937	1
1260348159454253056	265527669	1
1260518365	1260518365	1
1260518365	1428603283531309061	1
1260555080	1488094032614113286	1
1260854520546025472	984126296094597121	1
1260879297474150400	988479725692735489	1
1260886282483400704	1219298065951133696	1
1260886282483400704	2377487094	1
1260886282483400704	734134273	1
1261067028783341568	231902290	1
1261067028783341568	477644408	1
126129869	1465053656412213249	1
126129869	2333745212	1
126129869	593522933	1
1261323204204867584	1288086111806521349	1
1261685750	1009420195012792323	1
1261685750	1015661811700510724	1
1261985035269308416	107517248	1
1262043650726465536	4374114742	1
1262043650726465536	522433506	1
1262138317	1023972842948452352	1
1262291116663201792	1167886748355039232	1
1262415361250598912	1004339803314446336	1
1262415361250598912	1557514573	1
1262415361250598912	593522933	1
1262657953	1320662809248780288	1
1262754920077258752	1200158643813003264	1
1263108415397728256	1150326714620436480	1
1263191166578831360	1455204821242372096	1
1263191166578831360	402580562	1
1263588357000462336	1347852142070145024	1
1263909744	605614784	1
1264867436144332800	49018471	1
1265002041283358720	3096871079	1
1265375377	440691898	1
1265542837724221440	707022920	1
1265579090	1024322313779662856	1
1265579090	1050637774548652033	1
1265579090	1447168829885460484	1
1265579090	386685841	1
1265579090	473169444	1
1265579090	4897124920	1
1265579090	747451360715616257	1
1265579090	777092386883248128	1
1265579090	85117452	1
1265579090	993420032301502464	1
1265964896090456064	368920797	2
1265964896090456064	55270064	1
1266040674840981504	1343955493212065794	1
1266668349012000768	1150326714620436480	1
1266700455758921728	1029436543	1
1266700455758921728	96333666	1
126727689	148778931	1
126727689	893939057511866368	1
1267471147257466880	1396910234195611654	1
1267780989440401408	3096871079	1
1267852756150366208	636139110	1
1267886420699615232	1460947166839685128	1
1267886420699615232	572549273	1
1268078996446724096	1285155991927967744	1
1268557423649992704	3121591703	1
1268881206621409280	1223536177338290176	1
1268881206621409280	1252591576402071553	1
1268881206621409280	1343955493212065794	1
1268953866	16476536	3
1268998861101596672	1011271767292350465	1
1268998861101596672	1145274251831894016	1
1268998861101596672	893939057511866368	1
1269019703709773824	1260471247978233857	1
1269673413066534912	3096871079	1
1277303148	1397757626	1
1277339076362932224	1463451886741123072	1
1277339076362932224	738092501853216768	1
1278294021882904576	125374717	1
1287141172947935232	763784342	1
1287141172947935232	95698009	1
1287446807971332096	1336801596118855684	1
1288323050807734272	1423290967746961418	1
1289995760507985920	857865903295344640	1
1290205854235492352	2377487094	1
1290357627852148736	429391019	1
1290588940731326464	3207950973	1
1290721278400303104	975616683611181057	1
1292496140651450368	1353069759852474371	1
1292859248955854848	1419247616089600007	1
129443586	835050144194260992	1
1295992505293516800	1252923618125852672	1
1302258518221828096	1160126806973931520	1
1302258518221828096	712260921930997760	1
1302616789348691968	1061995816708124673	1
1303175739538395136	1252591576402071553	1
1305609520266305536	466641456	1
1309160994996916224	1161196922	1
1309160994996916224	1404360477900263431	1
1309160994996916224	1486125517011042305	1
1309227547960508416	1252591576402071553	1
1310172300503810048	1310172300503810049	1
1319057610	1465053656412213249	1
1319057610	18935802	1
1319057610	2771636649	1
1320066864177942528	955421331994050560	1
1323141601129123840	1322547426188763139	1
1326286523801640960	1019929135	1
1331150114086412288	1432044081870430212	1
1331758856033214464	132831979	1
133342361	133342361	1
1333682800948547584	1248754643498303489	1
1333682800948547584	1443868124659466242	1
1334712547	2922636723	1
1334712547	419441999	1
1337189346433175552	2257809774	1
1338403125670129664	446512007	1
1338403125670129664	582626236	1
1338403125670129664	950098070771036160	1
1338439037791690752	440691898	1
1339923900801708032	1412189239903674373	1
134140304	1443868124659466242	1
1347491738	1463451886741123072	1
1347491738	278425671	1
1347491738	710579736519512064	1
1348350961312530432	1462149943104360460	1
1349318012415971328	35750166	1
1349467232	1455204821242372096	1
1350397008218124288	1349620189214748672	1
1350397008218124288	3096871079	1
1350397008218124288	919526072	1
1351153900536164352	712260921930997760	1
1351951860807168000	1340737374666563584	1
1351957757809860608	1392726045082767360	1
1352720317823803392	304899193	1
1352720317823803392	3096871079	1
1352720317823803392	710579736519512064	1
1353069759852474368	107517248	1
1353069759852474368	1342223197131993088	1
1353069759852474368	1349620189214748672	1
1353069759852474368	1353069759852474371	1
1353075061440139264	1246084454352859138	1
1353358345764302848	725386410358878208	1
1356896318	274095255	1
1356896318	283107590	1
1356896318	831768450	1
1358357138486231040	4871507764	1
1358611800	927622000402751489	1
1359440296208138240	1450868904989966346	1
1359758912174645248	879441189380001792	1
1360978420084137984	1491311032127692800	1
1360978420084137984	831768450	1
1362017284991164416	1252591576402071553	1
1363122972572200960	500882938	1
1363772105905627136	1019929135	1
1364939599601168384	1364939599601168385	5
1365350315122446336	696736903857577986	1
1365951963981037568	1402578117877800964	1
1366505333523443712	1340737374666563584	1
1366505333523443712	1402578117877800964	1
1366505333523443712	221902171	1
1367496774	1219298065951133696	1
1369292299830779904	1465053656412213249	1
1371468588796805120	1342223197131993088	1
1371468588796805120	1433430916190195712	2
1372630004270530560	1443868124659466242	1
1372630004270530560	2377487094	1
1372630004270530560	2865436081	1
1372630004270530560	49018471	1
1372944860	1210705550868205569	1
1373187695812415488	2575112879	1
1373601723000963072	2377487094	1
1374300920	1358123838832312320	1
137643354	1340737374666563584	1
1379520397	1161196922	1
1379962796	1190391127209320450	1
1379962796	3126510327	1
1382061418577559552	465655108	1
1382197603	1299371	1
1382197603	183036157	1
1382197603	500122769	1
1385929787936583680	3046855107	1
1386737007238557696	1368793633	1
1386737007238557696	334715057	1
1388269877291634688	1161022078084112390	1
1388570703553777664	1491311032127692800	1
1388854795	1349620189214748672	1
1388854795	3046855107	1
1388854795	326316197	1
1388854795	628527048	1
1389461733425696768	1219329455115657217	1
1389461733425696768	1456252483118854150	1
1389461733425696768	1978948356	1
1389470912	610570076	1
1390018122707517440	107517248	1
1391077456325525504	107517248	1
1393255723015057408	1019929135	1
1393255723015057408	919526072	1
1394326105658732544	1433430916190195712	1
1395743256877670400	2207984680	1
1396780739367165952	1366913705989070849	1
1396780739367165952	835050144194260992	1
1397443920964038656	1025657582185271296	1
1399968914038263808	429327262	1
1400039468455845888	3096871079	1
1400450388373823488	1443868124659466242	1
1401886494915280896	2377487094	1
1402545284702519296	1349620189214748672	1
1402545284702519296	49018471	1
1402545284702519296	929110006284406785	1
1402578117877800960	1026411961137999872	1
1402578117877800960	712260921930997760	1
1402917292300804096	1063355172	1
1405137015675437056	3247108556	1
1405137015675437056	993443536937865216	1
1406528739798884352	3121591703	1
1407879114015526912	1246084454352859138	1
1407879114015526912	1443868124659466242	1
1407948418836803584	1019929135	1
1408178097652965376	386685841	1
1408178097652965376	429391019	1
1409849444	1349620189214748672	1
1410886618538557440	1081232212882788352	1
1411497101163470848	825142675716313088	1
1412077352918601728	390340887	1
1413049559735996416	379030092	1
1414596133721149440	49018471	1
1414955644596129792	1252591576402071553	1
1415026658327900160	1443868124659466242	1
1415545030740168704	1343955493212065794	1
1416131867682689024	2873377521	1
1416131867682689024	951246650	1
1416509471296262144	3121591703	1
1417820762895962112	1349620189214748672	1
1419194932984795136	707022920	1
1419213655539912704	1019929135	1
1419247616089600000	1353069759852474371	1
1419247616089600000	1443868124659466242	1
1419247616089600000	747184721935933440	1
1419298742386180096	107517248	1
1419778460290060288	107517248	1
1421548410222620672	95698009	1
1421928451657842688	1349620189214748672	1
1423587630097309696	1434022273506324482	1
1424640035404537856	1352743877233487873	1
1424640035404537856	1427632842075475968	1
1425593852774297600	1343955493212065794	1
1425721067474235392	1161022078084112390	1
1425721067474235392	1219298065951133696	1
1426264930924257280	777092386883248128	1
1427318270600884224	3096871079	1
14278162	1167886748355039232	1
14278162	1358123838832312320	1
1428239568088797184	107517248	1
1428389073702510592	792382352	1
1429231388394467328	1248341835770200064	1
1429231388394467328	1455204821242372096	1
1429231388394467328	419441999	1
1429776245978456064	1342223197131993088	1
1429815601174810624	1482316653073506313	1
1430063748082020352	112386378	1
1430063748082020352	1443868124659466242	1
1432091359620517888	831768450	1
1432678145489002496	1403746200	1
1432801281081548800	1349620189214748672	1
1432801281081548800	3179856502	1
1433292218010382336	3011936883	1
1434078851739668480	1254793309324816387	1
1434424256532815872	1256136104513855488	1
1434424256532815872	16476536	1
1434424256532815872	388780875	1
1434424256532815872	425686235	1
1434605487513870336	982854222	1
1435036992056737792	1219298065951133696	1
1435252991746101248	2865436081	1
1435540893961007104	610570076	1
1436082984126386176	4572998716	1
1436082984126386176	58768691	1
1437460740621938688	49018471	1
1438496986483683328	1252591576402071553	1
1438762590763724800	1438762590763724800	1
1439519096975073280	1443868124659466242	1
1439847612077821952	1190391127209320450	1
1439877217077633024	1349620189214748672	1
1439948993178525696	148778931	1
144210805	1023972842948452352	1
144313291	107517248	1
144313291	1349620189214748672	1
144313291	879441189380001792	1
1443868124659466240	112386378	1
1443868124659466240	1349620189214748672	1
1443868124659466240	1403751908125331456	1
1443868124659466240	1446513907573698563	1
1443868124659466240	3179856502	1
1443994474301038592	1349620189214748672	1
1443994474301038592	893939057511866368	1
1444046996143284224	1349620189214748672	1
1444046996143284224	1467536502699745287	1
1445510404575137792	2377487094	1
1445674778644205568	1323040160	1
1445674778644205568	1443868124659466242	1
14459385	297884272	1
14459385	477644408	1
1447205703194710016	368920797	1
1447626752424038400	1190391127209320450	1
1448291723487100928	1415271884875341828	1
1448982766251610112	419441999	1
1449079389627592704	390340887	1
1449842856210878464	1190391127209320450	1
1449842856210878464	1423285357219434499	1
1449842856210878464	16476536	1
1450062950010691584	1434022273506324482	1
1450353177887444992	1349620189214748672	1
1450353177887444992	29201900	1
1450632745458225152	1340737374666563584	1
1450632745458225152	1453282570582568960	1
1450632745458225152	2377487094	1
1450632745458225152	3026367370	1
1450632745458225152	3046855107	1
1450632745458225152	747184721935933440	1
1451119733709934592	1219298065951133696	1
1454101402339397632	1161022078084112390	1
1454558160329580544	1219298065951133696	1
1455475757677953024	1342223197131993088	1
1455571620018393088	610570076	1
1455843673795698688	1342223197131993088	1
1456681235401543680	1102319291465125888	1
1456681235401543680	1219298065951133696	1
1456681235401543680	1524554196	1
1457730536621985792	1434022273506324482	1
1458064736470319104	919526072	1
1458064813947506688	976824487340658688	1
1458719891322814464	982854222	1
1459069649656688640	1423285357219434499	1
1459614332141064192	1404867860036468736	1
1459614332141064192	1443868124659466242	1
1459901869497724928	1482370625339596801	1
1460071901317853184	1219298065951133696	1
1460184855585730560	1219298065951133696	1
1460389568734187520	1482316653073506313	1
1460634559113043968	1343955493212065794	1
1461062740617961472	2377487094	1
1461777355131793408	1441789211451949056	1
1463778493796429824	2178455382	1
146429429	107517248	1
1466760103332356096	1285155991927967744	1
1467493337615769600	1466760103332356102	1
1467559050493706240	1467559050493706244	1
1467599219498405888	1285155991927967744	1
1467869820951666688	1285155991927967744	1
1469070277896196096	1285155991927967744	1
1470012351562887168	35750166	1
1470012351562887168	95698009	1
1470292730886692864	3096871079	1
1472099484901548032	1415708571103338497	1
1473542770329591808	107517248	1
1473542770329591808	1454443088303345669	1
1473890332349812736	1487390792662593538	1
1475549343667085312	2865436081	1
1476183464445714432	1019929135	1
1476183464445714432	2377487094	1
1476285793626992640	1019929135	1
1476285793626992640	1397757626	1
1476285793626992640	4853695089	1
1476285793626992640	919526072	1
1477274601185062912	1334546508	1
1477274601185062912	1453282570582568960	1
1477274601185062912	49018471	1
1477885770732032000	1190391127209320450	1
1478319889811181568	1285155991927967744	1
1478798178661117952	107517248	1
1478798178661117952	1252591576402071553	1
1479457433743503360	1463451886741123072	1
1479535095400783872	610570076	1
1479778964	1449992851354488834	1
148069573	206871686	1
1480916331084062720	107517248	1
1481642269132288000	1443868124659466242	1
1481689306905387008	18935802	1
1482693732646494208	1455204821242372096	1
1482729944123949056	1455204821242372096	1
1482729944123949056	29201900	1
1483450214304333824	1482316653073506313	1
1484497360126418944	107517248	1
1484551514769305600	107517248	1
1484846641236611072	1484846641236611072	1
1485357253955887104	1161196922	1
1485920800100294656	1252591576402071553	1
1486125517011042304	1285155991927967744	1
1486934372733362176	1150355332016816131	1
1486934372733362176	1455204821242372096	1
1486934372733362176	628527048	1
1486934372733362176	95698009	1
1487211021609619456	1155459166380744709	1
1487211021609619456	1349620189214748672	1
1487211021609619456	1488094032614113286	1
1487211021609619456	610570076	1
1487211021609619456	919526072	1
1487390792662593536	989423077	1
1487788046565187584	1487788046565187585	1
1488488075378499584	1252591576402071553	1
1488488075378499584	2753154182	1
1489156120597999616	1248341835770200064	1
1489731335300202496	1310172300503810049	1
1489731335300202496	1489731335300202500	1
1490467644272791552	1248754643498303489	1
1490467644272791552	1321958449165553671	1
1490467644272791552	1427366248011247620	1
1490467644272791552	770672957614161921	1
1490722471347204096	1396154782797205512	1
1490722471347204096	1443868124659466242	1
14909195	368920797	1
1491343138350411776	1308801770613886983	1
1491913065843118080	1459504981992787982	1
1491913065843118080	429391019	1
1492069891968573440	1219298065951133696	1
1492194784370429952	107517248	1
1492260539845783552	746638522539466752	1
152198946	1203597456031834113	1
152198946	2204706469	1
152198946	429255979	1
1557557558	1016257891270094848	1
1562770316	350480549	1
157611640	386685841	1
159857707	4843529163	1
160880868	855424310072270849	1
16683595	1343955493212065794	1
1684468244	1460506982637621255	1
1684468244	610570076	1
168782371	1161196922	1
168782371	304899193	1
1689347677	3179856502	1
1857810883	1857810883	1
185794895	1161022078084112390	1
185794895	1252591576402071553	1
186221116	477644408	1
186221116	734074574275514368	1
1876212612	1368793633	1
1876212612	440691898	1
1880399689	2204706469	2
1880399689	4702133172	1
1880399689	484771907	1
1895353393	1406298884947722243	1
1895353393	1606847226	1
1905031909	1454101402339397647	1
195063290	1349620189214748672	1
20042537	1387335716	1
201421240	2623362653	1
20552360	572549273	1
206832958	1219298065951133696	1
20849130	107517248	1
20939149	20939149	1
209809831	1262570369187221514	1
210822189	43695855	1
211429477	1000144495499993089	1
211429477	1433430916190195712	1
211429477	2811224137	1
212724190	1011271767292350465	1
214474395	197381599	1
2183094610	2183094610	1
22004738	1004339803314446336	1
22004738	39484463	1
22004738	429255979	1
22004738	746638522539466752	1
2203429105	919521843379351552	1
22038676	210501383	1
22038676	221902171	1
2206599659	1219298065951133696	1
2207852354	1004821348730929152	1
2207852354	1219298065951133696	1
2207984680	1219298065951133696	1
2207984680	1427591372912185349	1
2207984680	26063188	1
2207984680	757271006406930433	1
221535008	3096871079	1
2236516034	1262570369187221514	1
2236516034	1443868124659466242	1
2241594340	1392726045082767360	1
2241594340	3096871079	1
2241594340	944446170830659584	1
2256727137	1347852142070145024	1
2256727137	2258523345	1
2265243021	610570076	1
2288557992	107517248	1
2288557992	1190391127209320450	1
2299665715	2180867626	1
2303836510	1169254465632972800	1
2303836510	1455204821242372096	1
2303836510	265527669	1
2303836510	35750166	1
2316346309	2377487094	1
2316346309	710579736519512064	1
2316907202	1402578117877800964	1
2318991212	2865436081	1
2324171570	49018471	1
2338169095	1380045464653991938	1
2338484714	1186592658271232000	1
2338484714	412936122	1
2351521726	1364939599601168385	1
235709376	107517248	1
2359175635	831768450	1
2366790998	1030547915427770368	1
2388911602	2388911602	2
2388911602	989423077	1
2391090577	1011884485196042241	1
2391090577	1015661811700510724	1
2391090577	1093522737241513984	1
2391090577	1106591171525136386	1
2391090577	341709957	1
2391090577	955421331994050560	1
2394684582	1190391127209320450	1
2394684582	1293504296546381825	1
2394684582	1343955493212065794	1
2394684582	512241536	1
2396920220	368920797	1
2397689598	1169254465632972800	1
2397689598	1360232480	1
2397689598	419441999	1
2401743697	1169254465632972800	1
240817798	1161196922	1
2415662937	1356763460995084288	1
2415662937	2951863185	1
2417474756	107517248	1
242192902	1480822636750028802	1
2431870516	1203597456031834113	1
2431870516	1266623214991683584	1
2431870516	500711588	1
2431870516	785469028106178561	1
2431870516	8001112	1
243394042	19284516	1
243394042	58588851	1
24896038	3377260318	1
2495410641	1482316653073506313	1
2496237324	831768450	1
2508021147	1293504296546381825	1
2523733551	1263042661	1
2545771164	1169254465632972800	1
2548428572	2207984680	1
2549528592	2182945495	1
2558719822	107517248	1
2558719822	3046855107	1
2558719822	350480549	1
2558719822	919526072	1
256468638	2377487094	1
256506903	1186592658271232000	1
256508868	52352441	1
256508868	892382794810363904	1
2567300479	1443868124659466242	1
2595566549	1342223197131993088	1
260376774	107517248	1
2605826035	1342223197131993088	1
2631647879	107517248	1
270623814	368920797	1
2749566881	1200158643813003264	1
2749566881	1222871997971095552	1
2749566881	2644998883	1
2772829228	1130420497	1
2772829228	1167886748355039232	1
2772829228	440691898	2
2772829228	4892218558	1
2773663610	107517248	1
2773663610	2257809774	1
2773663610	265527669	1
2773663610	419441999	1
278743750	314537220	1
2798863589	1463451886741123072	1
280543999	4888778955	1
2810936374	1349620189214748672	1
2831677321	1338403125670129666	1
2831677321	927155070348726272	1
2831933978	4888778955	1
283416650	429391019	1
2864223991	2766526989	1
2864223991	429255979	1
287566348	1392726045082767360	1
287566348	1423285357219434499	1
287566348	35750166	1
287566348	827344747	1
2892228652	1155459166380744709	1
2892228652	862946928958603264	1
2895077031	610570076	1
291570745	107517248	1
29201900	3179856502	1
2921948057	4572998716	1
292474458	831768450	1
2925202559	368920797	2
2936766136	150725695	1
29416653	389131517	1
29416653	397346011	1
2954986355	3040947953	1
2961890433	1349620189214748672	1
2968605063	1190391127209320450	1
2968605063	707022920	1
2969868167	893939057511866368	1
2971373548	3040947953	1
2971867924	1454443088303345669	1
2983402306	2377444599	1
2984387777	1390653288136290307	1
3001640428	2996281582	1
3005566913	1465053656412213249	1
3005566913	831768450	2
3010552077	1402578117877800964	1
3024781929	1343955493212065794	1
3045945338	1190391127209320450	1
3045945338	1455204821242372096	1
3045945338	1457331312067547138	1
3047940471	419441999	1
306148468	192899133	1
306148468	304306690	1
3072697037	419441999	1
3077606153	3121591703	1
3080186967	3096871079	1
309091717	1246084454352859138	1
3099826691	1454443088303345669	1
3099826691	1455204821242372096	1
3099826691	1484846641236611072	1
3105679259	705402550	1
3106260993	39484463	1
311957901	3096871079	1
3129162854	835050144194260992	1
3130154705	628527048	1
3176594760	1002794902458073088	2
3179856502	1443868124659466242	1
318325648	2996281582	1
318325648	4871507764	1
319921345	1161022078084112390	1
321264725	1200818228777357312	1
321264725	944446170830659584	1
322070453	1482316653073506313	1
3233573674	1482316653073506313	1
3240817103	3874001362	1
3244161467	2377487094	1
3244161467	418646304	1
3252394091	1443868124659466242	1
3252394091	78567974	1
3252394091	919526072	1
326055853	76033937	1
3261069747	1004821348730929152	1
326150500	1169254465632972800	1
326150500	1252591576402071553	1
326150500	993443536937865216	1
326316197	3121591703	1
326316197	944446170830659584	1
327000680	2377487094	1
3298655780	368920797	1
3298655780	95698009	1
3307400673	1293504296546381825	1
3307400673	157634351	1
3318877703	1190391127209320450	1
3327805900	1190391127209320450	1
3327805900	1343955493212065794	1
3331059982	384431924	1
3331059982	610570076	1
3331127301	1486125517011042305	1
3342960040	1155142456905732096	1
3342960040	1443868124659466242	1
3342960040	893939057511866368	1
335575872	1219072768148373504	1
335575872	1450283846	1
335964986	2937064721	1
336764210	336764210	1
336996257	1203597456031834113	1
336996257	429255979	1
337045369	2174124768	1
337135931	1347852142070145024	1
337168538	831768450	1
337644410	1347852142070145024	1
338440385	1248754643498303489	1
3387594292	1019929135	1
3387594292	3121591703	1
3395122599	707022920	1
342077368	707022920	1
3422534909	1454443088303345669	1
343925514	1476118270394703874	1
350332540	1455204821242372096	1
350332540	4871507764	1
3504753795	725386410358878208	1
358968766	3096871079	1
358968766	893939057511866368	1
359462299	1404360477900263431	1
3602153362	1155459166380744709	1
3602153362	2377487094	1
36353564	274049314	2
3676549834	29416653	1
370209169	297884272	1
374604328	419441999	1
374645439	1350168122976841728	1
37603069	368920797	1
376691595	35525950	1
377453865	1443868124659466242	1
381088822	1004339803314446336	1
381088822	2364343956	1
3862333281	1095412353427013633	1
3862333281	1252591576402071553	1
389395835	192899133	1
389395835	23458896	1
389395835	306148468	1
389395835	388780875	1
389395835	389395835	1
389395835	419480134	1
389395835	4888778955	1
389395835	923871237956304896	1
39338497	368920797	1
395614290	1403746200	1
3978683129	3978683129	1
399004979	2865950033	1
399609372	358890729	1
404961989	263684035	1
406981868	1161022078084112390	1
406981868	3155682418	1
412936122	18577800	1
412936122	2388790596	1
412936122	29694967	1
4143908721	610570076	1
416177225	745853532	1
416534525	39484463	1
417897223	419441999	1
418717091	831768450	1
419557618	1015864513	1
420419717	1423285357219434499	1
420419717	1443868124659466242	1
420635476	1450283846	1
422771616	919526072	1
423088643	368920797	1
4256026096	1443868124659466242	1
4256026096	944446170830659584	1
425686235	312613461	1
425686235	333214378	1
425803153	3121591703	1
426112917	1454443088303345669	1
434705268	1200414244489060352	1
434705268	1463451886741123072	1
434705268	331617619	1
434705268	368920797	1
435283445	173783860	1
436038865	1427621280988160009	1
4372515753	1000144495499993089	1
4372515753	1161022078084112390	1
4372515753	1431962941956448264	1
4372515753	1491311032127692800	1
4372515753	169510626	1
4372515753	610570076	1
4372515753	893939057511866368	1
437518410	437518410	2
437533038	429255979	1
437734783	8873182	1
4394434523	419441999	1
4428575837	1190391127209320450	1
4441303487	3121591703	1
4459166907	1261232156052987904	1
4459166907	2303644001	1
4459166907	804190579	1
449736439	1084076649367437313	1
449736439	1876212612	1
449736439	2753154182	1
453385088	16476536	1
45392303	1095412353427013633	1
45392303	16476536	1
45392303	989423077	1
4549605137	1349620189214748672	1
455266241	1482316653073506313	1
455888650	1169254465632972800	1
460061801	368920797	1
4611199415	2873377521	1
4635116367	2377487094	1
4635116367	419441999	1
465471132	1402578117877800964	1
466594672	831768450	1
470180296	1343955493212065794	1
4702133172	1391018356342497280	1
4702133172	16476536	1
4702133172	39484463	1
4702133172	593522933	1
473349158	386685841	1
4734014421	85117452	1
475732955	1233777638742908928	1
47756372	26063188	1
48182327	304899193	1
48182327	3096871079	1
4821400517	16476536	1
482507306	1055380681	1
484592863	1190391127209320450	1
484592863	1427632842075475968	1
4851430133	1061995816708124673	1
4851430133	3318549610	1
4851430133	841722103497924608	1
4853628435	1198355954678616064	2
4853628435	1438224486185291922	1
4853628435	213254229	1
4853695089	1392726045082767360	1
488844512	1161196922	2
488844512	14921687	2
488844512	368920797	1
488844512	976824487340658688	1
4892218558	823975885963399168	1
4892218558	898977126510153728	1
489633908	1023972842948452352	1
489633908	106560408	1
489633908	993420032301502464	1
49018471	610570076	1
491327107	491327107	1
492868812	492868812	1
493833883	1024322313779662856	1
493833883	725386410358878208	1
497188910	1252591576402071553	1
497188910	835050144194260992	1
498068054	919526072	1
499876766	1004821348730929152	1
499876766	1085531312	1
499876766	1343955493212065794	1
499876766	1473451825529606146	1
499876766	2873377521	1
499876766	337045369	1
499876766	472418074	1
500929319	1252591576402071553	1
504558286	1402578117877800964	1
504558286	78567974	1
510450172	1442889222772322309	1
510450172	1460947166839685128	1
510450172	8873182	1
51157727	107517248	1
515542672	1557514573	1
521164308	1159096345342414853	1
521164308	1190391127209320450	1
52424550	274095255	1
525399771	1403746200	1
52679176	3151825048	1
529718462	1443868124659466242	1
537166581	4871507764	1
540845601	1481286114690355201	1
542028193	107517248	1
546284281	1343955493212065794	1
546610139	468772443	1
549050267	1219298065951133696	1
54975036	2377487094	1
550208657	610570076	1
556350111	1232597557580378112	1
556350111	429255979	1
556771177	1449992851354488834	1
559877933	1351153900536164354	1
562293038	1019929135	1
562293038	1150355332016816131	1
562293038	1401495422699515909	1
562293038	1455204821242372096	1
566361704	1167886748355039232	1
568142347	440691898	1
57271548	1342223197131993088	1
579084791	468772443	1
5893702	1926271830	1
593817814	1176480566511845377	1
593817814	2377487094	1
593817814	2787225059	1
593817814	278907226	1
594465880	1017193297	1
600103280	610570076	1
602034364	1150355332016816131	1
605614784	1421791426292109321	1
606823551	1190391127209320450	1
610570076	1176480566511845377	1
625712362	1011308525807693829	1
632735778	1296006171862667264	1
632735778	1411497101163470857	1
632735778	1432044081870430212	1
65690709	831768450	1
700841898	1190391127209320450	1
700841898	274095255	1
700841898	763784342	1
700841898	989423077	1
701043452	1024322313779662856	1
703708224168599552	1019929135	1
703708224168599552	1160132700742832128	1
703708224168599552	265527669	1
703708224168599552	402580562	1
703708224168599552	610570076	1
703708224168599552	950098070771036160	1
705284330931802112	707022920	1
714167586	1019929135	1
714167586	1491311032127692800	1
717970219596165120	1343955493212065794	1
719979273000468480	1403751908125331456	1
720298583296061440	1443868124659466242	1
722177829295796224	951246650	1
722641382	919526072	1
726702386	107517248	1
726702386	304899193	1
731343264	1443868124659466242	1
733309640	1176480566511845377	1
734074574275514368	107517248	1
734074574275514368	419441999	1
737383865174622208	1557514573	1
738350242597310464	1443868124659466242	1
738350242597310464	3179856502	1
751180558936530944	311539656	1
754395750499491840	107517248	1
761170444904964096	919526072	1
761634173782294528	569157754	1
763310989232177152	1423285357219434499	1
763310989232177152	283048119	1
763310989232177152	2873377521	1
766601799155449856	1167886748355039232	1
774212893067845632	1169254465632972800	1
775626148248190976	775626148248190976	1
776430344841101312	29201900	1
776465110856589312	776465110856589312	1
784109636005814272	831768450	1
789281882	2343067570	1
789281882	550555137	2
792731002900709376	1443868124659466242	1
798910302	852112455660695552	1
800260353233854464	1219298065951133696	1
800374039	419441999	1
804354408	4861946812	1
806305806	1219298065951133696	1
806305806	314537220	1
806305806	879441189380001792	1
806601370174451712	1343955493212065794	1
806601370174451712	1411497101163470857	1
808059621885771776	1219298065951133696	1
811188714	1016013998	1
816780831888969728	95698009	1
821147892	419441999	1
821343	1019929135	1
821343	1453282570582568960	1
821343	2753154182	1
827252208148312064	1139411343188975618	1
827344747	1288086111806521349	1
827344747	4702133172	1
827344747	827344747	1
827344747	95698009	1
831114368435748864	951846810	1
831860163372015616	107746083	1
831860163372015616	1359758912174645249	1
831860163372015616	1392726045082767360	1
831860163372015616	2227488127	1
831860163372015616	753694909	1
831860163372015616	776465110856589312	1
835240102540492800	993420032301502464	1
837308005192454144	1019929135	1
84193474	1019929135	1
84193474	2865436081	1
84193474	4853695089	1
842011053605150720	1358123838832312320	1
842823326162653184	1455204821242372096	1
845313296	831768450	1
846016786688593920	29201900	1
851421262039703552	1443868124659466242	1
856054100236132352	3096871079	1
859449805	1252591576402071553	1
859449805	1463451886741123072	1
859449805	29201900	1
860751768753516544	1169254465632972800	1
860948919831887872	1261334926370242565	1
862970692958138368	1219298065951133696	1
867003139	95698009	1
867330310433898496	82085860	1
872009898145533952	1443868124659466242	1
872189046323281920	1169254465632972800	1
873504593719721984	326316197	1
874349930827141120	1437460740621938694	1
874349930827141120	18935802	1
874349930827141120	831768450	1
874349930827141120	950098070771036160	1
876376471224410112	1443868124659466242	1
876541483	304899193	1
876541483	3096871079	1
877493316803276800	1161196922	1
877853257783287808	1343955493212065794	1
87950192	1219298065951133696	1
879958626080890880	1059968365	1
884087425	293504218	1
884087425	329647103	1
884087425	429255979	1
884460743453798400	1343955493212065794	1
887231727143456768	1349620189214748672	1
887300792654475264	429255979	1
893527335789580288	1349620189214748672	1
893527335789580288	725386410358878208	1
895568973789630464	1254009103032225792	1
895568973789630464	15529326	1
895568973789630464	768737826234044416	1
898297518	710579736519512064	1
898620354045911040	107517248	1
898620354045911040	1095412353427013633	1
899281777453355008	1219298065951133696	1
902156805991739392	1150355332016816131	1
903239844155072512	1222871997971095552	1
914924414332014592	1019929135	1
914924414332014592	1340737374666563584	1
914924414332014592	1342223197131993088	1
914924414332014592	1463451886741123072	1
914924414332014592	2922636723	1
917304116270989312	112386378	1
919857518960095232	1019929135	1
919857518960095232	919857518960095232	1
924002019765116928	1161022078084112390	1
925415866996613120	419441999	1
928277269000355840	1190391127209320450	1
928277269000355840	1423285357219434499	1
928373996306993152	1155459166380744709	1
929110006284406784	929110006284406785	1
929692860580028416	1404867860036468736	1
930443682137944064	1443868124659466242	1
935205362885627904	395614290	1
936284727794860032	705344611	1
936284727794860032	981455212673142785	1
939322266	107517248	1
941817729648156672	1169254465632972800	1
942395277209755648	1219298065951133696	1
942395277209755648	1364939599601168385	1
942395277209755648	610570076	1
942395277209755648	712260921930997760	1
942395277209755648	893939057511866368	1
942395277209755648	919857518960095232	1
945102892956086272	610570076	1
945102892956086272	712260921930997760	1
945612625	1467559050493706244	1
946380483742633984	2377487094	1
946452048668708864	1443868124659466242	1
95443928	95698009	1
963896448747175936	1603479541	1
969926737361604608	1016257891270094848	1
969926737361604608	1200818228777357312	1
969926737361604608	402580562	1
971478762100613120	484771907	1
97220386	2377487094	1
972235532301455360	1176193698	1
977605577827389440	1557514573	1
977605577827389440	3299546625	1
977605577827389440	440691898	1
977605577827389440	574537194	1
97948686	107517248	1
97948686	1453282570582568960	1
981430933269241856	1334739001933258758	1
982532094	1446513907573698563	1
985232020463935488	1150355332016816131	1
985232020463935488	822480229193154562	1
986140489	944446170830659584	1
988479725692735488	1203597456031834113	1
989423077	763485613	1
990546076179591168	107517248	1
99258785	419441999	1
99258785	981455212673142785	1
99373477	1443868124659466242	1
99702635	3096871079	1
997450507751952384	35750166	1
997450507751952384	707022920	1
997450507751952384	725386410358878208	1
997450507751952384	8873182	1
