1000138698032320512	1463451886741123072	1
1000859842179977216	852787939192913920	1
1001037676454309888	1091963502229639168	1
1001037676454309888	566428916	1
1001057886322216960	320405599	1
1001115483620433920	117701249	1
1001748711729434624	1027650131187904512	2
1001748711729434624	155695954	1
1001748711729434624	2841136744	1
1001748711729434624	3239016405	1
1001748711729434624	33994488	1
1001748711729434624	419682441	1
1001748711729434624	889221137871360000	1
1001748711729434624	932342300365197313	1
1002167748326318080	1460947166839685128	1
1002167748326318080	2525778087	1
1003891004028739584	219226566	1
100440509	8001112	1
1004821348730929152	1219165177976958976	1
1004821348730929152	1262453552	1
1004874680	355998585	2
1006057344042766336	2405837416	1
1006400634	1103693880388657152	1
1006400634	274093178	1
1006400634	2983707267	1
1007104026	1360232480	1
1007375462031642624	1360232480	1
1007375462031642624	1428732356022652939	1
1007741587995156480	384431924	1
1008023208350683136	384431924	1
1008459450661949440	1292430232625053696	1
1008981710489489408	3179856502	1
1009139173792641024	1428732356022652939	1
1009537143813955584	15254807	1
1009537143813955584	58748101	1
1009537143813955584	747451360715616257	1
1009753376	49685654	1
1010100626	1357093253741477888	1
1010100626	160880868	1
1010100626	2535866450	1
1010423353776238592	1302616789348691968	1
1010427995348176896	334715057	1
1010427995348176896	368920797	1
1010503220307865600	1246908203230781440	1
1010545074072117248	52424550	1
1010652026068525056	3179856502	1
1010807990	1460947166839685128	1
1010824122488811520	23615081	1
1010967386210689024	1091963502229639168	1
1010967386210689024	484122940	1
1010967863245582336	918849865928597505	1
1011345234909855744	1382061418577559556	1
1011603156	1246908203230781440	1
1011603156	51759517	1
1012033926360190976	440775354	1
1012171374	2672895087	1
1012387924745359360	2237957383	1
1012415892293083136	1334176368209301504	1
1012415892293083136	1464320353799634946	1
1012718378	8001112	1
1012893330	1726225616	1
1013654088	1103693880388657152	1
1013654088	1104384196724879362	1
1013654088	1254755875174088704	1
1013654088	768737826234044416	1
1013879910	29727048	1
1013879910	2989721327	1
1013879910	3309098367	1
1013954305	1103693880388657152	1
1015242455334178816	479645115	1
1015345393327136768	1429710335515181056	1
1015989050	1161196922	1
1015989050	3309098367	1
1016109625	1463451886741123072	1
1016249336903159808	1463451886741123072	1
1017105506	1262570369187221514	1
1017306026	384431924	1
1017667801	132880191	1
1018023498	1302616789348691968	1
1018132463066009600	191000489	1
1018286869	2227364558	1
1018468604843618304	1425194624033902594	1
1018468604843618304	384431924	1
1018941902866059264	501750077	1
1019264194863132672	429255979	1
1019288033202405376	104170025	1
1019345719747141632	1246908203230781440	1
1019882040639057920	384431924	1
1020380156194631680	419094387	1
1021082245141057536	14516324	1
1022538426	18935802	1
1022844194547752960	122665594	1
1022971756754157568	368920797	1
1023008700	1302616789348691968	1
1023008700	384431924	1
1023151363956633600	5893702	1
1024778318	602903174	1
1025032478451490816	2303644001	1
1025032478451490816	2983707267	1
1025032478451490816	431622091	1
1025032478451490816	443167956	1
1025041897	1463451886741123072	1
1025041897	148778931	1
1025041897	51759517	1
1025115175798620160	1103693880388657152	1
1025115175798620160	8001112	1
1025143716	484122940	1
1025397335298334720	384431924	1
1025457125311610880	1171160787127361539	1
1025767333988581376	497995758	1
1026429492271755264	8001112	1
1026457428	320405599	1
1026457428	877570096302051328	1
1026569455	252349684	1
102674438	709065502023409664	1
1026948296	2303644001	1
1027130908229468160	1645907658	1
1027404487	1344793377703931904	1
1027404487	423703668	1
1027497779294294016	252349684	1
1027810386958053376	108402274	1
1027810386958053376	787933074411651072	1
1028474521	1428732356022652939	1
1028713306444455936	1428732356022652939	1
1028713306444455936	49685654	1
1029690445788590080	384431924	1
1029690445788590080	696736903857577986	1
103077927	160928901	1
103077927	429255979	1
1031432488294461440	368922164	1
1032209514513293312	1428732356022652939	1
1032326690264018944	1032326690264018944	2
1032342648324083712	3372744029	1
1032532981	1103693880388657152	1
1032616751614386176	406981868	1
1032652854631313408	1103693880388657152	1
103303397	1360232480	1
1033310908766924800	49685654	1
103375121	380473676	1
1033990615267270656	1360232480	1
1033990615267270656	49685654	1
1033990615267270656	696736903857577986	1
1033993296203472896	1441789211451949056	1
1033993296203472896	423703668	1
1033993296203472896	438634942	1
1034548849598189568	1103693880388657152	1
1034548849598189568	205694039	1
1034548849598189568	2303644001	1
1034548849598189568	468304135	1
1034548849598189568	8001112	2
1034891730	1161196922	2
1035622659537690624	402227505	1
1035920142843215872	55862897	1
1036959080	1103693880388657152	1
1037393713	1021709448006520833	1
1037393713	2695769460	1
1037393713	291294443	1
1037393713	440775354	1
1037580640961617920	1203597456031834113	1
1037588599	384431924	1
1037819534	1103693880388657152	1
1038117661	1103693880388657152	1
1038124587341570048	1428732356022652939	1
1038124587341570048	1463451886741123072	1
1038124587341570048	1494756620533968897	1
1038124587341570048	384431924	1
1038189569311735808	1077691849	1
1038257431	1360232480	1
1038909791966572544	1325811912513368068	1
1038995311	247863643	1
1039056636940312576	500711588	1
1039384628	1463451886741123072	1
1040676078271037440	104170025	1
1040828736	2525778087	1
1040828736	3179856502	1
1040890639200780288	479645115	1
1041484481406873600	2338484714	1
104239528	1103693880388657152	1
1042482833007239168	1103693880388657152	1
1042482833007239168	436534155	1
1042482833007239168	446477795	1
1042482833007239168	768737826234044416	1
1042482833007239168	8001112	2
104254004	1384189275722293250	1
1042691054	384431924	1
1042763174	1262570369187221514	1
1043068564658376704	1644683106	1
1043099688	98377867	1
1043250043862614016	1258828655591075845	1
1043250043862614016	1262453552	1
1043250043862614016	1292430232625053696	1
1043250043862614016	2926782875	1
1043281598932811776	1347822417046097921	1
1043281598932811776	768737826234044416	1
1043355796845854720	1103693880388657152	1
1043435909302112256	500711588	1
1043472860	500711588	1
10438412	494909390	1
1044160469509046272	1103693880388657152	1
1044494585001639936	1475122123161194500	1
1044494585001639936	384431924	1
104489361	368920797	2
1044958567	500882938	1
104651157	831768450	1
1046779574892339200	1246908203230781440	1
1047701521	384431924	1
1047826945	1258828655591075845	1
104810159	15456063	1
104810159	30834057	1
1049008081	1103693880388657152	1
1050648530	384431924	1
1050753675445104640	3309098367	1
1050753675445104640	602903174	1
1051862371373916160	501975372	1
1051904650897698816	1103693880388657152	1
1051983271503036416	696736903857577986	1
1052306374661689344	560172822	1
1052650359217360896	384431924	1
1052650359217360896	566428916	1
1053044102453968896	497995758	1
1053308170448322560	1262453552	1
1053651811	244140469	1
1053706662	81656841	1
1054301899581734912	3372744029	1
1054647810421862400	4914670317	1
1055140058	1360232480	1
1055367092	384431924	1
105538883	2580853616	1
1055494906133839872	967001470674534401	1
1055560390720008192	768737826234044416	1
1056869740600328192	1226910575122354176	1
1057735056175841280	1360232480	1
1058009478875017216	23615081	1
1058297128743772160	73352417	1
1058871258413174784	355998585	1
1059798739	2192621795	1
1060433790	1209923782254698496	1
1060592551005167616	8001112	1
10606682	398618779	1
1062776392327356416	1011308525807693829	1
1062776392327356416	398618779	1
1062776392327356416	8001112	1
1062862212	384431924	1
1063284314	1302616789348691968	1
1063284314	2525778087	1
1063539782888931328	437533038	1
1063551511	1103693880388657152	1
1063551511	16476536	2
1063899966	244140469	1
1064261450	3179856502	1
1065081188	2713181387	1
1065330750	244140469	1
1065330750	885789131703537664	1
1065698616	500711588	1
1066162266	219226566	1
106687142	23458896	1
1067008310	1302616789348691968	1
1067008310	2525778087	1
1067008310	423703668	1
1067059978719162368	3179856502	1
106724705	1161196922	1
106724705	1360232480	1
1068136967190261760	372114824	1
106842211	368920797	1
1068802416546590720	384431924	1
1069263193	1428732356022652939	1
1069504692579966976	1027650131187904512	1
1070045085784518656	2303644001	1
1070045085784518656	437533038	1
1070045085784518656	446477795	1
1070045085784518656	8001112	1
107019869	1100472388997783552	1
107019869	3179856502	1
1070390856	50689313	1
1070392579	124450567	1
1071175135665799168	1248341835770200064	1
1071406278084345856	1095300300058050560	1
1071485604	605614784	1
1071755390365433856	368920797	1
107198263	45128272	1
107201928	368920797	1
1072825062091317248	3935994664	1
1072825062091317248	479645115	1
107300289	1219298065951133696	1
1073339297355456512	1428732356022652939	1
1073339297355456512	148778931	1
1073496504378290176	241516126	1
1074376096018247680	1440748218791305219	1
1074376096018247680	247274738	1
1074376096018247680	3179856502	1
1074410824595398656	460239013	1
1074410824595398656	928229546620604417	1
1074624854	1428732356022652939	1
1076836690625466368	1463451886741123072	1
1076836690625466368	794945337345642500	1
1077269276	384431924	1
1077325000716283904	3239016405	1
107746083	1410161948356972545	1
1077801097	1104384196724879362	1
1077801097	768737826234044416	1
1079458256949575680	104170025	1
1079810941204791296	1082452055246229505	1
1079810941204791296	55238295	1
1079860975266906112	318536192	1
108061631	368920797	1
1080721419087028224	2303644001	1
1080721419087028224	975474090	1
1081169252	953116550	1
1081191174621270016	3179856502	1
1081290202465947648	8001112	1
1082281620546179072	274093178	1
1082281620546179072	889221137871360000	1
1082670923331833856	16476536	1
1084147453593640960	3372744029	1
1084147453593640960	889221137871360000	1
1084849003525750784	1103693880388657152	1
1085291572588097536	2274306540	1
1085291572588097536	4914670317	1
1085292824529199104	4914670317	1
1085531312	1302616789348691968	1
1085531312	379885315	1
1085531312	419094387	1
1085558245555662848	446477795	1
1085912953466048512	1485039381798866947	1
1085912953466048512	3764059997	1
108663704	384431924	1
1086691638	1360232480	1
1086702385	384431924	1
1086702385	402580562	1
1087029078	1161196922	1
1087107041490100224	1103693880388657152	1
1087107041490100224	429255979	2
1087107041490100224	437533038	1
1087349029892210688	1103693880388657152	1
1087849336241905664	419094387	1
1088748639349100544	1325811912513368068	1
1088748639349100544	148778931	1
1088748639349100544	384431924	1
1088748639349100544	479645115	1
1088748639349100544	484122940	1
1089105880128409600	1103693880388657152	1
1089105880128409600	8001112	1
1089470039735103488	384431924	1
1089501629873876992	384431924	1
1089519374782877696	1106591171525136386	1
1089519374782877696	1260236809709260801	1
1090318666883837952	368920797	1
1090357716609101824	384431924	1
1091315364766646272	2525778087	1
1091445798284472320	1241659242404352000	1
1091450730597232640	1726225616	1
1091450730597232640	500711588	1
1092166154783809536	1360232480	1
1092166154783809536	1428732356022652939	1
1092166154783809536	49685654	1
1092899267478470656	744848682	1
1094135492885516288	1254009103032225792	1
1094377664725569536	1104384196724879362	1
1094614208107499520	148778931	1
1095677190	336843638	1
1096055620275527680	244140469	1
1096112870218178560	497995758	1
1096112870218178560	625733	1
1096126365215178752	1360232480	1
1096417873	1292430232625053696	1
1096420074	29416653	1
1096420074	50671751	1
1096486332	384431924	1
1097305827025797120	1482316653073506313	1
1098145776130248704	8001112	1
1099277078	1106458075182055424	1
1099712977878552576	55238295	1
1100119884489523200	497995758	1
1100502233576337408	1246908203230781440	1
1101021343	1428732356022652939	1
1101021343	49685654	1
1101109656645259264	446477795	1
1101446990	8001112	1
110179995	384431924	1
110213223	432516884	1
1102344151	2525778087	1
1103602451565985792	1226910575122354176	1
1103602451565985792	1347822417046097921	1
1103602451565985792	2164692687	1
110372659	104170025	1
1103786235519270912	1024293308376469504	1
110439086	117701249	1
110454337	244140469	1
110454337	501750077	1
1104770430	500711588	1
1105021068	3860196976	1
1105806350	23615081	1
1106146124606464000	506134717	1
1106188385591402496	8001112	1
1106654538512154624	1428732356022652939	1
1107438535	1477570351	1
1108115493720858624	423703668	1
1108682112213938176	210501383	1
1109887628	1103693880388657152	1
1109887628	15254807	1
1109887628	18935802	1
1109887628	2303644001	1
1109887628	3299546625	1
1110481199162671104	53048130	1
1111225376	497995758	1
1111225376	500711588	1
1111915132102344704	3179856502	1
1112292775943389184	8001112	1
1112726270993936384	1360232480	1
1114648990816120832	2303644001	1
1114648990816120832	4091800402	1
1114817509910355968	1494756620533968897	1
1115358710	1428732356022652939	1
1115898864060510208	1077691849	1
1115898864060510208	1275001772	1
1116422739911421952	908256776	1
1117973636	1302616789348691968	1
1117973636	402580562	1
1118431618815934464	908256776	1
1118823776	8001112	1
111966918	1246908203230781440	1
111966918	1297994891314597888	1
111966918	1360232480	1
111966918	484122940	1
1119685232708521984	3239016405	1
1119685232708521984	878991600231251970	1
1120147435	1246908203230781440	1
1120682206786138112	58748101	1
1120989916668878848	479645115	1
1121010463352020992	407810895	1
1121163421498712064	1297994891314597888	1
1121163421498712064	1360232480	1
1121163421498712064	423703668	1
1121435322863292416	1428732356022652939	1
1121658702254133248	500711588	1
1123009382	2525778087	1
1123270201984856064	1004339803314446336	1
1123858502118776832	1428732356022652939	1
1123858502118776832	602903174	1
1124369551305658368	1428732356022652939	1
1124867449	73352417	1
1125024027137970176	384431924	1
1125321051758563328	437337751	1
1127073844123062272	429255979	1
1127180263275020288	1246908203230781440	1
1127180263275020288	791671008	1
1128333732	460239013	1
1128652452130115584	889221137871360000	1
1130420497	1246908203230781440	1
1130420497	332885533	1
1130420497	368920797	4
1130420497	513144334	1
113050526	398618779	1
1130521967864500224	1360232480	1
1130521967864500224	1428732356022652939	1
1131148316	104170025	1
1131148316	1100472388997783552	1
1131148316	1159096345342414853	1
1131148316	1425194624033902594	1
1131148316	1428732356022652939	1
1131148316	1463451886741123072	1
1131148316	2525778087	1
1131148316	423703668	1
1131148316	470180296	1
1131148316	602903174	1
1131148316	696736903857577986	1
1132024727424380928	53048130	1
1133001520532873216	1292430232625053696	1
1133775925873664000	384431924	1
1135103330357796864	1318723693896491009	1
1135119960949366784	751879926	1
113613468	65690709	1
1136511804002197504	1095300300058050560	1
1136520206900236288	1302616789348691968	1
113684109	113684109	1
113684109	1448212490714853383	1
113696828	1329155760	1
1137848000137613312	543774554	1
1138777682248982528	421941338	1
1138777682248982528	479645115	1
113915864	479645115	1
1139983379426947072	1356504700120670211	1
1139983379426947072	1455243788021030926	1
1139983379426947072	464516274	1
1139996376060895232	1392947252256202753	1
1139996376060895232	213254229	1
1140089052	696736903857577986	1
1140281192807325696	500711588	1
1140366230	1214840356098981888	1
1140366230	768737826234044416	1
1140692887300136960	636143	1
1140782531597471744	1252923618125852672	1
1140952112182038528	104170025	1
1142918101639532544	2989721327	1
114300672	197763661	1
114300672	543774554	1
114317541	1254009103032225792	1
1143175728046977024	3179856502	1
1143894069946593280	274093178	1
1143970679139774464	768737826234044416	1
1144572134934622208	948514692254846976	1
1145734207639101440	851318875	1
1145988000733696000	3860196976	1
1146383082267860992	136920216	1
1146470265406332928	446477795	1
1146567252378103808	1226910575122354176	1
1146698519715176448	1214840356098981888	1
1146698519715176448	8001112	1
1148307902572171264	349770998	1
1149633537571610624	396537673	1
1150021570221547520	1222871997971095552	1
1150070907429371904	2713181387	1
1151180805638676480	2695769460	1
1151180805638676480	437533038	1
115139827	1462264435	1
1151435873239670784	1151435873239670785	1
1151448904904400896	1103693880388657152	1
1151521670	1103693880388657152	1
1151521670	751879926	1
1152161996231626752	53048130	1
1152447624328425472	1410161948356972545	1
1152447624328425472	419094387	1
1152447624328425472	53048130	1
115308284	3039726772	1
115308284	497995758	1
115308284	55238295	1
1153176332	1246908203230781440	1
1153176332	1360232480	1
1153176332	1434022273506324482	1
1153176332	2753154182	1
1153176332	3179856502	1
1153354732137791488	1031529875553828867	2
1153354732137791488	1153354732137791488	3
1153354732137791488	1305198648452620289	1
1153354732137791488	1321179545723174913	1
1153354732137791488	1381731227305185285	1
1154012262	513144334	1
11540552	3179856502	1
1154663621617737728	1154663621617737730	1
1154833795666894848	1428732356022652939	1
1154834113226006528	1726225616	1
1155866194341236736	1091383540183457792	1
115649273	115649273	1
1156548780780609536	1360232480	1
1156548780780609536	479645115	1
1157612360221286400	446477795	1
1157781200	1100472388997783552	1
1157781200	3179856502	1
1157816388477698048	232908749	1
1157906370	104170025	1
1158071059561820160	313517712	1
1158716606723317760	49685654	1
1158827930367209472	1103693880388657152	1
1158827930367209472	768737826234044416	1
1158827930367209472	975474090	1
1159393215855976448	500882938	1
1159761133777166336	1256597292599164928	1
1159775972239052800	500711588	1
1160101840345796608	368920797	1
1160278561	705344611	1
1160852194117201920	3239016405	1
1160852194117201920	432516884	1
1160852194117201920	440691898	1
1161161429174706176	104170025	1
1161715223402831872	1428732356022652939	1
1161744419038609408	2345623510	1
1161744419038609408	396387534	1
1161834389170479104	1329012933859430401	1
1162061900663992320	3179856502	1
1162361772415836160	49685654	1
1162441321598128128	1388476325372043264	1
1162465580265484288	1246908203230781440	1
1162465580265484288	566428916	1
1162465580265484288	602903174	1
1162989935495958528	8001112	1
1163011455584747520	1343955493212065794	2
1163011455584747520	1428732356022652939	1
1163011455584747520	484122940	1
1163020839605985280	388284615	1
1163031534565285888	1032326690264018944	1
1163031534565285888	1106458075182055424	1
1163031534565285888	1325811912513368068	1
1163031534565285888	1449992851354488834	1
1163304648	8001112	1
1163777072139001856	247204411	1
1163777072139001856	460239013	1
1164135819243921408	739729140887216128	1
1164594086722068480	1222871997971095552	1
1164594086722068480	952158429073862657	1
1164619170853654528	1246908203230781440	1
1164619170853654528	1902963848	1
1165157402615984128	1428732356022652939	1
1166184584981045248	1434038420	1
1166184584981045248	247204411	1
1166388701301215232	497995758	1
1166400933183545344	3079123505	1
1166400933183545344	500711588	1
1166400933183545344	954049171056676866	1
1166401156492464128	1360232480	1
1166401156492464128	423703668	1
1166401156492464128	49685654	1
1166451475821846528	1219298065951133696	1
1166607193845706752	1248341835770200064	1
1167221053	446477795	1
116762901	479645115	1
1167723288958853120	1246908203230781440	1
1167884176911151104	1167884176911151104	1
1168612912056999936	150725695	1
1168612912056999936	25676606	1
1168765200872484864	1428732356022652939	1
1168797480	244140469	1
1168797480	380473676	1
1168797480	497995758	1
1168797480	500711588	1
1168974246	500711588	1
1169144219853832192	384431924	1
1169382144969465856	1494756620533968897	1
1170008913758052352	1360232480	1
1170008913758052352	49685654	1
117021402	1428732356022652939	1
117021402	745704596	1
1170424876211036160	501975372	1
1170856297509638144	1571239352	1
117172862	1428732356022652939	1
1171743470802915328	1103693880388657152	1
1172159526595903488	384431924	1
1172571984967942144	1461062740617961476	1
1172594966	384431924	1
1172609270	1089500969052848128	1
1172654034278371328	73352417	1
1172771569	1441696361729060873	1
1173116102	1103693880388657152	1
1173116102	1223223502624493572	1
1173143898459398144	1309247718506848257	1
1173223843	1485039381798866947	1
1173366318671835136	2338484714	1
1173951271	3207950973	1
1173951271	368920797	1
1174209985686974464	368920797	4
1174209985686974464	513144334	1
1174260689713713152	104170025	1
117483258	1103693880388657152	1
1174975232	1133516726	1
1174975232	368920797	1
1176598950654222336	519356612	1
1176618985	501750077	1
1176799646900981760	1302616789348691968	1
117701249	1222871997971095552	1
117701249	132164537	1
117701249	55862897	1
1177051177	8001112	1
1177590266984837120	1177590266984837120	1
1178927744824090624	1104384196724879362	1
1179962942	432516884	1
1180016617	1360638572450230277	1
1180103866844635136	1226910575122354176	1
1180237460065996800	1103693880388657152	1
1180237460065996800	1327551194395516928	1
1180252686	443167956	1
1180252686	768737826234044416	1
1180930860889063424	1103693880388657152	1
1180930860889063424	2303644001	1
1180930860889063424	460239013	1
118097528	429391019	1
1181670974888058880	384431924	1
1183275312093782016	1027650131187904512	1
1183275312093782016	8001112	1
1183449929907343360	368920797	1
1183510656726769664	1292430232625053696	1
1183534806	1246908203230781440	1
1183534806	3207950973	1
1183534806	380473676	1
1183820211914457088	1463451886741123072	1
1184147629673988096	1360232480	1
1184147629673988096	1428732356022652939	1
1184147629673988096	1482316653073506313	1
1184147629673988096	384431924	1
1184147629673988096	49685654	1
1184188522183438336	1246908203230781440	1
1184553127539871744	602903174	1
118468984	882000860942827522	1
118513045	1103693880388657152	1
1185817803825319936	1091963502229639168	1
1185835405104570368	174666287	1
1185835405104570368	696736903857577986	1
1186335893524811776	1360232480	1
1186592658271232000	605614784	1
1186835197	1214840356098981888	1
1187419101599277056	1021709448006520833	1
1187419101599277056	2213170646	1
1187419101599277056	2292308845	1
1187419101599277056	291294443	1
1188049140556750848	1298679499647836160	1
1189254419881299968	1254009103032225792	1
1189330208	1425194624033902594	1
1189519863934586880	437337751	1
1189654234851090432	1302616789348691968	1
1189654234851090432	1428732356022652939	1
1189743062	384431924	1
1192449294667853824	104170025	1
1192449294667853824	1428732356022652939	1
1193504082788601856	1726225616	1
1193645670231629824	1399816473892249723	1
1193780617	384431924	1
1193780617	419094387	1
119503137	4914670317	1
1196018762593525760	384431924	1
1197243258616852480	863377187520598016	1
1198007136	104170025	1
1198355954678616064	1410161948356972545	1
1198355954678616064	174666287	1
1198355954678616064	768737826234044416	1
1198489144470753280	1203597456031834113	1
1198582243658289152	1246801249430917121	1
1199127172990021632	1360232480	1
1199127172990021632	3179856502	1
1199780680399491072	1258686720759009281	1
1199780680399491072	500711588	1
1199811195013943296	1360232480	1
1199994689920913408	8001112	1
1200387273453457408	1302616789348691968	1
1200905899742760960	1360232480	1
1201022131338981376	1256597292599164928	1
1203087605849608192	1241659242404352000	1
1203087605849608192	605614784	1
1203604933511122944	1226910575122354176	1
1205143751108284416	2970227800	1
1205534110468464640	2316064569	1
1206918507373481984	831768450	1
1207998287233597440	1325811912513368068	1
1208458128523743232	1327551194395516928	1
1208488978720141312	696736903857577986	1
1208811241629716480	1020303953974759424	1
1210113337851285504	1302616789348691968	1
1210293770333380608	1428732356022652939	1
1211381566171013120	36079217	1
1211381566171013120	52424550	1
1213507642858987520	432516884	1
1213937974666153984	1360232480	1
1214203433219026944	4656108214	1
1215268209231892480	1154663621617737730	1
1215268209231892480	1463451886741123072	1
1215678906939990016	500711588	1
1215678906939990016	501750077	1
1215779772762148864	2983707267	1
1216348088148819968	132880191	1
1216358584763789312	1428732356022652939	1
1216846151569301504	1100472388997783552	1
1217029671587663872	331617619	2
1217029671587663872	36079217	1
1217029671587663872	51759517	1
1217029671587663872	72248630	1
1217493838731804672	384431924	1
1217493838731804672	49685654	1
1217767250695946240	1455475757677953024	2
1217767250695946240	1494756620533968897	2
1217918281350369280	1360232480	1
1218560115340607488	1104384196724879362	1
1218864684042014720	1095300300058050560	1
1219326880693784576	1226910575122354176	1
1219720810044239872	1103693880388657152	1
1220068321036509184	3179856502	1
1220108404431249408	384431924	1
1220347477670449152	1103693880388657152	1
1220783928337977344	1106458075182055424	1
1220800706170490880	500711588	1
1221078933338279936	8001112	1
1221128126341750784	1296006171862667264	1
1221128126341750784	3179856502	1
1221128126341750784	479645115	1
1221128126341750784	696736903857577986	1
1221185350648942592	1360232480	1
1221563242977419264	1200158643813003264	1
1222227577	1106458075182055424	1
1222235658305052672	605614784	1
1223171479216558080	1448250438566957062	1
1223330966980177920	148778931	1
1223365965603332096	8001112	1
1223662912713232384	566428916	1
1223888612384804864	1360232480	1
1223954414807011328	1031634478903570438	1
1223954414807011328	1246908203230781440	1
1223954414807011328	1901504029	1
1223954414807011328	2237957383	1
1224076334839803904	500882938	1
1224165516	50689313	1
1224165516	696736903857577986	1
1224294333127569408	104170025	1
1224294333127569408	1726225616	1
1224441067929505792	1106458075182055424	1
1224441067929505792	1482316653073506313	1
1224809573913124864	1428732356022652939	1
1224809573913124864	2237957383	1
1224809573913124864	3179856502	1
1224809573913124864	463168228	1
1225025903828393984	1382817198083825664	1
1225034977	384431924	1
1225159825392308224	1203597456031834113	1
1225444454980603904	3902125827	1
1225696746	975474090	1
1226014117	384431924	1
1226537390690521088	437533038	1
1226537390690521088	889221137871360000	1
1226887419246645248	1464320353799634946	1
1226925410556006400	1413049559735996417	2
1226950958682398720	380473676	1
1227243021885853696	252349684	1
1227633852753104896	1463451886741123072	1
1228114681	72248630	1
1228239373101158400	1360232480	1
1228301834	8001112	1
1229157865266520064	156931889	1
1229377915	1104384196724879362	1
1229377915	2164692687	1
1229486596350672896	429255979	1
1229882905	1103693880388657152	1
1230138367767121920	602903174	1
1231473788	768737826234044416	1
1231573077722632192	384431924	1
1231577023	550555137	1
1231580052439097344	543774554	1
1231582922068676608	1428732356022652939	1
1231582922068676608	51759517	1
1231698101490081792	1103693880388657152	1
1232023623969452032	165489209	1
1232613215110074368	104170025	1
1232613215110074368	1302616789348691968	1
1233777638742908928	98377867	1
1234044433496236032	1428732356022652939	1
1234391322	1726225616	1
1234391322	500711588	1
1234458775	1241659242404352000	1
1235361933056004096	1428732356022652939	1
1235450596850913280	108922323	1
1235621897796280320	479645115	1
1236229669613113344	1203597456031834113	1
1236312633680281600	104170025	1
1236336724399329280	1410161948356972545	1
1236336724399329280	1487063156174295050	1
1236749663333687296	384431924	1
1236963119001481216	768737826234044416	1
1236977519083114496	1428732356022652939	1
1237045959789613056	384431924	1
1237045959789613056	49685654	1
1237499784870670336	1726225616	1
1238014383512485888	104170025	1
1238217662817239040	1424115960500432903	1
1238409776637399040	1360232480	1
1238478734149259264	1302616789348691968	1
1238710954780745728	3129394686	1
1238755183313727488	123920914	1
1238800491632607232	1410161948356972545	1
1238800491632607232	402580562	1
1238868979730583552	123920914	1
1238868979730583552	331617619	1
1238868979730583552	500711588	1
1238888091986866176	1104384196724879362	1
1238955925362421760	1014516143586009091	1
1239969355280105472	3179856502	1
1240191309526302720	1103693880388657152	1
1240191309526302720	468304135	1
1240214959776239616	368920797	4
1240214959776239616	432516884	1
1240273899931213824	384431924	1
1240786200	148778931	1
1241114176275255296	1400450858	1
1241114176275255296	501975372	1
1241307564404604928	500711588	1
1241562452468391936	384431924	1
1241615589828964352	384431924	1
1241659242404352000	3764059997	1
1241659242404352000	3841429516	1
1241675979929661440	368922164	1
1241787428156985344	1256597292599164928	1
1241846534918098944	1463451886741123072	1
1242089940143538176	1454502163	1
1242089940143538176	8873182	3
1242099728046841856	398618779	1
1242282432	1425194624033902594	1
1242458206988886016	1353069759852474371	1
1242506965068189696	4900894731	1
1243209185233457152	1119685232708521986	1
1243209185233457152	1726225616	1
1243209185233457152	500711588	1
1243500253174775808	1262570369187221514	1
1243575912337113088	1192578464	1
1243575912337113088	1246908203230781440	1
1243575912337113088	1482459249729064965	1
1243575912337113088	1625824584	1
1243575912337113088	2568515717	1
1243575912337113088	3764059997	1
1243575912337113088	605614784	1
1243653604340269056	8001112	1
1243670514389987328	1428732356022652939	1
1243670514389987328	219226566	1
1243670514389987328	423703668	1
1244058540798619648	1103693880388657152	1
124433584	29482532	1
124433584	4061408055	1
124594588	16476536	1
124594588	500711588	1
1246088563529302016	1455204821242372096	1
1246088563529302016	1494756620533968897	2
1246211106948907008	310249622	1
1246341246798516224	1256597292599164928	1
1246341246798516224	1272761126208647168	1
1246832425130483712	1360232480	1
1246917715941634048	384431924	1
1246917715941634048	602903174	1
1247098161044299776	384431924	1
1247136845995167744	1463451886741123072	1
1247136845995167744	384431924	1
1247286475	1103693880388657152	1
1247430708	51759517	1
1247692883509022720	252349684	1
1248476364396625920	1104384196724879362	1
1248476364396625920	53048130	1
1248592634752401408	1726225616	1
1248592634752401408	2172713777	1
1248592634752401408	4091800402	1
1248592634752401408	768737826234044416	1
1248950663880605696	747853145389273088	1
1249412358637666304	51759517	1
1249643618677243904	3207950973	1
1249822627700658176	1241659242404352000	1
1249822627700658176	605614784	1
1249842258226053120	384431924	1
1250020285	1086702385	1
1250177731	1428732356022652939	1
1250177731	384431924	1
1250267900	1468584911045283840	1
1250267900	574814708	1
1250351262471581696	51759517	1
1250435010697388032	1214840356098981888	1
1250705117378158592	384431924	1
1251089251	3239016405	1
1251089251	98377867	1
1251495781086920704	384431924	1
1251540779153137664	1100472388997783552	1
1251540779153137664	1154663621617737730	1
1251540779153137664	1425194624033902594	1
1251666335144251392	1292430232625053696	1
1251810252732973056	1463451886741123072	1
1251862548	8001112	1
1252181674256990208	72248630	1
1252235627333992448	1000073568229740546	1
1252235627333992448	550555137	1
1252461065742569472	1428732356022652939	1
1252554372	1334158115554603008	1
1252923618125852672	1252923618125852672	1
1253249513797664768	1133350119489847296	1
1253310258656825344	1491842163600150529	1
1253360044114132992	1464320353799634946	1
125374717	49685654	1
1254114325343674368	1915080482	1
1254114325343674368	500711588	1
1254114325343674368	768737826234044416	1
1254331416273399808	3179856502	1
1254348607060353024	1360232480	1
1254737390083637248	1246908203230781440	1
1254832039	372114824	1
1254880515586392064	384431924	1
1255216247136010240	8001112	1
1255459757730775040	1302616789348691968	1
1255459757730775040	1463451886741123072	1
1255552749258911744	1325811912513368068	1
1255795468749221888	213254229	1
1256632964324167680	1410161948356972545	1
1256632964324167680	1425194624033902594	1
1256632964324167680	566428916	1
1256647827708620800	1103693880388657152	1
1256926144168853504	3860196976	1
1257622974	8001112	1
1257959892	1438762590763724800	1
1257959892	470180296	1
1258380213232304128	1428732356022652939	1
1258380213232304128	3179856502	1
1258867179191259136	10329492	1
1258867179191259136	25676606	1
1258867179191259136	438634942	1
1258867179191259136	454365633	1
1258867179191259136	745704596	1
1259041459	458169759	1
1259148201413742592	1374453089487310863	1
1259204736663904256	384431924	1
1259556813462278144	1413049559735996417	1
1259852265344598016	1857528240	1
1259852265344598016	482534220	1
1259852265344598016	931969710	1
1260236809709260800	152198946	1
1260236809709260800	494909390	1
1260518375530299392	437337751	1
1260617965847957504	1482316653073506313	1
1261067028783341568	3207950973	1
1261067028783341568	334715057	1
1261067028783341568	368920797	3
126129869	1103693880388657152	1
126129869	437533038	1
1261326532787699712	1292430232625053696	1
1261370864190324736	1100472388997783552	1
1262043650726465536	1103693880388657152	1
1262043650726465536	1857528240	1
1262043650726465536	287752154	1
1262415361250598912	432516884	1
1263745596277633024	1454337264855699456	1
1263882375139917824	141693730	1
1264123877166383104	368920797	1
1264187873923907584	1428732356022652939	1
1264595046784999424	104170025	1
1265307863892795392	123920914	2
1265579090	1246908203230781440	1
1265579090	1254009103032225792	1
1265579090	2164692687	1
1265579090	3258112037	1
1265579090	815169029681856512	1
1265579090	889221137871360000	1
1265964896090456064	1265964896090456064	2
1267446498737954816	1428732356022652939	1
1267480539252035584	1226910575122354176	1
1267480539252035584	1292430232625053696	1
1267764814660677632	384431924	1
1267822557153030144	384431924	1
1267931877261926400	470180296	1
1267935014160863232	1153354732137791488	1
1267935014160863232	1258148058	1
1268881206621409280	799743593145573376	1
1268979225622708224	24184892	1
1268979225622708224	8001112	2
1268998861101596672	1246908203230781440	1
1268998861101596672	1448754755111723012	1
1268998861101596672	51759517	1
1269065803	93077846	1
1269269912	1203597456031834113	1
1269673413066534912	1214840356098981888	1
1271793704374861824	1271793704374861825	1
1271793704374861824	384431924	1
1273004575	1428732356022652939	1
1273602643286466560	1726225616	1
1277339076362932224	1482316653073506313	1
1279126399295651840	466641456	1
1285295149082447872	179871513	1
1285295149082447872	384431924	1
1287141172947935232	49685654	1
1290357627852148736	2338484714	1
1290357627852148736	429391019	1
1290588940731326464	3179856502	1
1290588940731326464	384431924	1
1290588940731326464	395218906	1
1290721278400303104	49685654	1
1292463168166526976	1027650131187904512	1
1292463168166526976	1104384196724879362	1
1292463168166526976	768737826234044416	1
1293952720269910016	981455212673142785	1
1295992505293516800	1252923618125852672	1
1299087773601861632	104170025	1
1305428560501497856	1246908203230781440	1
1309160994996916224	1325811912513368068	1
1309482182075920384	2322947462	1
1309482182075920384	861256621053366272	1
1312352925927247872	1360232480	1
1313354509968642048	3318549610	1
1317396407326806016	384431924	1
1317787853569593344	150725695	2
1317787853569593344	69959408	1
1319057610	2303644001	1
1319057610	23615081	1
1319057610	2771636649	1
1319057610	8001112	2
1322897724174405632	1268557423649992706	1
1323141601129123840	999377038531350528	1
1324478369640173568	1275001772	1
1324478369640173568	2340552066	1
1326286523801640960	384431924	1
1331758856033214464	132831979	1
1333794451202850816	8001112	1
1334546508	14406841	1
1334712547	1357265179470348288	1
1342223197131993088	1100472388997783552	1
1342223197131993088	1360232480	1
1342223197131993088	1463451886741123072	1
1342223197131993088	1473415556162334724	1
1344976301111783424	2983707267	1
1345033794529714176	1428732356022652939	1
1345033794529714176	973994095440953344	1
1345309453277679616	1360232480	1
1347491738	423703668	1
1351957757809860608	1246908203230781440	1
1351967407	3207950973	1
1352326627477377024	972072020207861761	1
1353069759852474368	1353069759852474371	1
1353069759852474368	2989721327	1
1356896318	384431924	1
1358611800	432516884	1
1358833884348231680	3309098367	1
1359440296208138240	2338484714	1
1363772105905627136	49685654	1
1365350315122446336	1425194624033902594	1
1365350315122446336	384431924	1
1365951963981037568	1091963502229639168	1
1366810741	395183088	1
1367496774	384431924	1
1369640371697942528	148778931	1
1371456625563860992	1360232480	1
1371468588796805120	1360232480	1
1371468588796805120	1455475757677953024	1
1371468588796805120	696736903857577986	1
1372630004270530560	3179856502	1
1373187695812415488	1373187695812415488	1
1374373985006231552	1102601979514245121	1
1375221591903244288	3309098367	1
137643354	1302616789348691968	1
137643354	1360232480	1
1379962796	1372247854400561153	1
1382197603	1015870262	1
1382197603	3039726772	1
1384120419607662592	1428732356022652939	1
1384120419607662592	384431924	1
1388269877291634688	1428732356022652939	1
1388269877291634688	49685654	1
1388854795	1428732356022652939	1
1388854795	148778931	1
1388854795	479645115	1
1388854795	484122940	1
1389461733425696768	1037543858	1
1389814780349853696	1360232480	1
1389814780349853696	1428732356022652939	1
1389814780349853696	49685654	1
1389814780349853696	696736903857577986	1
1390016930732466176	1428732356022652939	1
1391766884052254720	1485039381798866947	1
1391766884052254720	968090647608676353	1
1392947252256202752	18935802	1
1393255723015057408	479645115	1
1396212248457236480	104170025	1
1396212248457236480	1360232480	1
1396212248457236480	2288557992	1
1396212248457236480	384431924	1
1396212248457236480	546284281	1
1396780739367165952	446477795	1
1399968914038263808	384431924	1
1400039468455845888	384431924	1
1400763635773886464	1460947166839685128	1
1401911906	384431924	1
1402578117877800960	1091963502229639168	1
1404095153095200768	1360232480	1
1404360477900263424	384431924	1
1405120559755759616	423703668	1
1405137015675437056	1219298065951133696	1
1406528739798884352	479645115	1
1407830436945014784	1154663621617737730	1
1408783844342439936	1221759367478960129	1
1408783844342439936	1428732356022652939	1
1408783844342439936	368920797	3
1409849444	104170025	1
1410304718954434560	384431924	1
1412656878	696736903857577986	1
1414875191814107136	1428732356022652939	1
1414955644596129792	1388476325372043264	1
1415765695162368000	1448250438566957062	1
1416071387295408128	49685654	1
1416695402418552832	1360232480	1
1416820552367489024	384431924	1
1417405855281078272	219226566	1
1417421620420005888	1325811912513368068	1
1419778460290060288	1246908203230781440	1
1419778460290060288	384431924	1
1420716452512944128	2525778087	1
1421936444675923968	1410161948356972545	1
1421936444675923968	3179856502	1
142210315	888397855496568832	1
1425721067474235392	384431924	1
1427318270600884224	1343254917788688386	1
14278162	258131405	1
1428377163221422080	1292430232625053696	1
1428603283531309056	1463451886741123072	1
1428661827395899392	2525778087	1
1428661827395899392	384431924	1
1429231388394467328	1425194624033902594	1
1430162268	1100472388997783552	1
1430162268	1292430232625053696	1
1430162268	1360232480	1
1430162268	49685654	1
1430865389114871808	1360232480	1
1430865389114871808	1428732356022652939	1
1430865389114871808	49685654	1
1430941111959310336	1455475757677953024	1
1431990401259421696	1260185755	1
1432336239664025600	104170025	1
1432801281081548800	104170025	1
1432801281081548800	1388476325372043264	1
1432801281081548800	384431924	1
1433286055	1857528240	1
1433430916190195712	1360232480	1
1433430916190195712	3318549610	1
1433773018547953664	1324385804475617281	1
1433786199597101056	1230398396445401088	1
1433786199597101056	1428732356022652939	1
1433786199597101056	384431924	1
1433786199597101056	696736903857577986	1
1434078851739668480	3179856502	1
1434078851739668480	479645115	1
1434192874237833216	1434167840718917637	1
1434424256532815872	1214840356098981888	1
1434424256532815872	1254009103032225792	1
1434424256532815872	1254755875174088704	1
1434424256532815872	1292430232625053696	1
1434424256532815872	1323776950142423040	1
1434424256532815872	1347822417046097921	1
1434424256532815872	1378471111126614028	1
1434424256532815872	3107464295	1
1434424256532815872	768737826234044416	1
1434424256532815872	815169029681856512	1
1434424256532815872	878991600231251970	1
1434424256532815872	889221137871360000	1
1435036992056737792	384431924	1
1435540893961007104	1428732356022652939	1
1436197225428922368	1296006171862667264	1
1436197225428922368	1325811912513368068	1
1436197225428922368	49685654	2
1437460740621938688	776465110856589312	1
1438224486185292032	104170025	1
1438496986483683328	1302616789348691968	1
1438762590763724800	1438762590763724800	2
1439519096975073280	1343955493212065794	1
1439633221	384431924	1
1441036749396926464	1475122123161194500	1
1441036749396926464	878991600231251970	1
1441827012767727616	384431924	1
1442090815887532032	1296390431190679553	1
1442246886266601472	1448250438566957062	1
1442246886266601472	602903174	1
1443615479860506624	1456619539110764554	1
1443615479860506624	49685654	1
1445140472616337408	1428732356022652939	1
1446825229020540928	1463451886741123072	1
1447170272826642432	1148693291430535170	1
1447664304388456448	384431924	1
1449079389627592704	1360232480	1
1449140701627879424	1246908203230781440	1
1455843673795698688	1246908203230781440	1
1455843673795698688	1302616789348691968	1
1455843673795698688	1441789211451949056	1
1455843673795698688	51759517	1
1456223505213759488	141509471	1
1456681235401543680	1302616789348691968	1
1456681235401543680	1487063156174295050	1
1456681235401543680	3426504598	1
1456681235401543680	423703668	1
1456697037110628352	2343281118	1
1458064736470319104	384431924	1
1458395058	1262570369187221514	1
1458719891322814464	1219298065951133696	1
1459758191693242368	274093178	1
1459901869497724928	605614784	3
1460389568734187520	148778931	1
1460389568734187520	49685654	1
1460634559113043968	384431924	1
1461777355131793408	1467488833604366344	1
1462329360627683328	1462329360627683333	2
1462329360627683328	2713181387	1
1464161822685429760	1106458075182055424	1
1464161822685429760	384431924	1
1466109301261488128	1360232480	1
1466109301261488128	1455475757677953024	2
1466477062651326464	49685654	1
1466834124879052800	1360232480	1
1467121603683225600	1100472388997783552	1
1468132207390867456	1360232480	1
1470292730886692864	1463451886741123072	1
1470796337729785856	1428732356022652939	1
147125416	1425194624033902594	1
1471588011070603264	1428732356022652939	1
1472099484901548032	384431924	1
1472569703428247552	384431924	1
1472994252758167552	1428732356022652939	1
1473124877255196672	384431924	1
1473124877255196672	438634942	1
1473542770329591808	1428732356022652939	1
1473542770329591808	2525778087	1
1473559880053235712	1392726045082767360	1
1473581508980101120	125374717	1
1473581508980101120	51759517	1
1473581508980101120	696736903857577986	1
1473979718	49685654	1
1476183464445714432	384431924	1
1476245549858930688	104170025	1
1476245549858930688	1349303685243932672	1
1476245549858930688	2920016242	1
1476285793626992640	1428732356022652939	1
1476285793626992640	49685654	1
1476285793626992640	602903174	1
1476361879995965440	423703668	1
1476530274192265216	384431924	1
1477274601185062912	1428732356022652939	1
1477274601185062912	14406841	1
1477624623168724992	1246908203230781440	1
1477885770732032000	177164070	1
1477885770732032000	479645115	1
1479032567324192768	423703668	1
1479457433743503360	1360232480	1
1479457433743503360	1428732356022652939	1
1479778964	1437067632	1
1479778964	53048130	1
1479778964	994454332614545408	1
1479802314	219226566	1
1480615649449852928	49685654	1
148069573	1243490123855138819	1
148069573	384431924	1
1481033183072239616	1292430232625053696	1
1482428097311948800	384431924	1
1482729944123949056	1441789211451949056	1
1482786708861210624	1360232480	1
1482786708861210624	1428732356022652939	1
1485904211170795520	384431924	1
1485920800100294656	3179856502	1
1485937615899709440	738092501853216768	1
1487390792662593536	2525778087	1
1487469434654625792	384431924	1
1487788046565187584	1487788046565187585	2
148778931	1360232480	1
1488488075378499584	1100472388997783552	1
1488488075378499584	1428732356022652939	1
1488488075378499584	49685654	1
1488737575535882240	384431924	1
1488926726256316416	1103693880388657152	1
1488926726256316416	462176676	1
1489156120597999616	1360232480	1
1489156120597999616	1494756620533968897	1
1489731335300202496	1262570369187221514	1
1489731335300202496	51759517	1
1489995755649699840	2174124768	1
1490467644272791552	1089500969052848128	1
1490467644272791552	1091963502229639168	1
1490467644272791552	1246908203230781440	1
1490467644272791552	384431924	1
1490467644272791552	423703668	1
1490722471347204096	368922164	1
1491046341853786112	1344793377703931904	1
1491097228487929856	1428732356022652939	1
1491343138350411776	1103693880388657152	1
1492229341828333568	1388491606773403649	1
1492229341828333568	1449992851354488834	1
1492229341828333568	49685654	1
1492261831854985216	49685654	1
1492773326955196416	2580853616	1
1492902838225276928	1490467644272791552	1
1493195904039407616	1223200116670115850	1
1493195904039407616	1246908203230781440	1
1493195904039407616	370757919	1
1493195904039407616	53048130	1
1493882804865744896	1262453552	1
1493882804865744896	1428732356022652939	1
15083086	2288557992	1
1516149242	1516149242	2
152198946	1103693880388657152	1
152198946	2213170646	1
152198946	2331802006	1
152198946	768737826234044416	1
156891379	1103693880388657152	1
160880868	970642893491892225	1
1619917472	331617619	1
1647344210	429255979	1
165489209	165489209	1
1689347677	3179856502	1
170019149	3170620684	1
1728224730	419094387	1
1728224730	423703668	1
1728224730	951638725112541184	1
1736939514	2274306540	2
174210451	1302616789348691968	1
177599046	124450567	1
179871513	179871513	1
1857810883	1088385887363362816	1
1857810883	768737826234044416	1
186221116	1360232480	1
186221116	470180296	1
1880399689	497995758	1
1889472642	421941338	1
1890600458	1425194624033902594	1
1890600458	1463451886741123072	1
1890600458	3179856502	1
1890600458	384431924	1
1890600458	49685654	1
18935802	23364501	1
18935802	365462238	2
18935802	388284615	1
1901585569	1360232480	1
20042537	334715057	1
20042537	705344611	1
203003796	1106458075182055424	1
20552360	1463451886741123072	1
20552360	1482409377898377217	1
20849130	384431924	1
210153081	1262453552	1
211429477	1360232480	1
211429477	384431924	1
212724190	148778931	1
213752633	1262570369187221514	1
2182972605	384431924	1
2182972605	479645115	1
2196650893	1463451886741123072	1
22038676	1103693880388657152	1
22038676	8001112	1
2206599659	1360232480	1
2221598454	384431924	1
2235916268	1246908203230781440	1
2237957383	765979700808286208	1
2240528067	49685654	1
224111514	241516126	1
2241594340	384431924	1
2241594340	566428916	1
2241594340	938531317083529222	1
2247093145	1360232480	1
2247093145	986811270	1
2251943851	1215396692	1
2251943851	418301345	1
2251943851	889221137871360000	1
2265243021	1288086111806521349	1
2265243021	231902290	1
2265717607	384431924	1
2288557992	49685654	1
2316346309	419682441	1
2316907202	1428732356022652939	1
2333745212	477644408	1
2338169095	7410882	1
2338484714	1246908203230781440	1
2345272376	1428732356022652939	1
2351521726	1360232480	1
2353564274	384431924	1
2356973067	1302616789348691968	1
2356973067	3179856502	1
2374797942	1428732356022652939	1
2374797942	384431924	1
2374797942	49685654	1
2374797942	745689360901738496	1
2377143224	2525778087	1
2385068164	2713181387	1
2385068164	3179856502	1
2388790596	2941966907	1
2391090577	1386793261	1
2394684582	1464312736272297992	1
2396920220	1246908203230781440	1
2417474756	384431924	1
2431870516	1103693880388657152	1
2431870516	437533038	1
2468959808	1402560446683652099	1
249593744	49685654	1
2511094693	51759517	1
2515461941	479645115	1
2525778087	1410161948356972545	1
253210156	1256597292599164928	1
2558719822	696736903857577986	1
2560818481	148778931	1
2567300479	479645115	1
2595566549	1425194624033902594	1
2595566549	384431924	1
260376774	1479778964	1
260376774	3179856502	1
260376774	484122940	1
2612291988	1360232480	1
2615476385	1120060497406124038	1
2615476385	219226566	1
2631647879	501750077	1
2656984642	1037543858	1
2656984642	500882938	1
26593518	1360232480	1
26593518	3179856502	1
2675356905	1428732356022652939	1
270623814	1241659242404352000	1
270623814	368920797	1
270623814	621848107	1
2721569733	1423979182888005634	1
272945830	18935802	1
2736138412	1428732356022652939	1
273897097	1480263252475101186	1
273897097	384431924	1
2741861003	1410161948356972545	1
2754433686	1262453552	1
2754433686	49685654	1
2773663610	1428732356022652939	1
278743750	384431924	1
2801547868	2568515717	1
280543999	2831933978	1
28433379	1203887463074344960	1
2848098653	384431924	1
2850037264	1360232480	1
2855267981	1042011415488487424	1
287375829	1463451886741123072	1
287566348	1297607508337610754	1
2895077031	1360232480	1
2895077031	1428732356022652939	1
2895077031	1442950706915315712	1
2895077031	221493059	1
2895077031	470180296	1
2895077031	49685654	1
2902809855	1246908203230781440	1
2902809855	384431924	1
291570745	3179856502	1
29201900	1325811912513368068	1
29201900	49685654	1
2921038485	3179856502	1
2924811100	49685654	1
2925202559	1463451886741123072	1
2925202559	368920797	3
29416653	334777310	1
2942489427	3026367370	1
2942489427	384431924	1
2968605063	1360232480	1
2968605063	1428732356022652939	1
2968605063	49685654	1
2977852803	1360232480	1
2977852803	49685654	1
299780153	1463451886741123072	1
3004247111	1360232480	1
3005566913	125374717	1
3005566913	2568515717	1
3010552077	470180296	1
3047940471	104170025	1
305131113	384431924	1
3072697037	384431924	1
3077606153	398117986	1
3079123505	1428732356022652939	1
3099826691	1091963502229639168	1
313517712	1479778964	1
314537220	1428732356022652939	1
3147901233	3179856502	1
3155682418	566428916	1
3159374739	1025143716	1
3159374739	1360232480	1
3159374739	384431924	1
3176594760	1262453552	1
3176594760	479645115	1
318713537	55238295	1
319537863	1288910117954617347	1
319537863	1302616789348691968	1
321264725	1428732356022652939	1
323239274	384431924	1
3239251719	1077691849	1
324289750	1106458075182055424	1
324289750	384431924	1
324293502	1246908203230781440	1
3244161467	384431924	1
3244161467	479645115	1
3244161467	696736903857577986	1
3246056727	3309098367	1
324987074	1463451886741123072	1
3252394091	3309098367	1
3261069747	1246908203230781440	1
3261069747	605614784	1
3262283944	1360232480	1
3262283944	219226566	1
3262283944	2525778087	1
3296712448	738092501853216768	1
3298655780	468231399	1
3298985147	1091963502229639168	1
3318877703	1360232480	1
3318877703	1460947166839685128	1
3331059982	1482455473991430144	1
3342960040	2525778087	1
3345683158	51759517	1
3353679387	484122940	1
335575872	160928901	1
3366460893	1428732356022652939	1
3366460893	51759517	1
336996257	1103693880388657152	1
336996257	8001112	1
337045369	388284615	1
337644410	1414838970475761666	1
3395122599	1360232480	1
3395122599	2525778087	1
3395122599	384431924	1
3422534909	1428732356022652939	1
3422534909	310249622	1
3425547017	2695769460	1
3425547017	550555137	1
3426504598	40433343	1
343702830	368920797	2
34885604	1292430232625053696	1
34885604	232908749	1
34885604	500711588	1
350332540	1246908203230781440	1
3590817526	1494756620533968897	1
36353564	8001112	1
3676549834	334777310	1
3676549834	469677548	1
368878712	738092501853216768	1
3719235687	2920016242	1
372937945	1428732356022652939	1
372937945	310249622	1
372937945	605614784	1
3764059997	500882938	1
376691595	25676606	1
376995200	73352417	1
382539264	384431924	1
383685343	1460947166839685128	1
3880451897	1428732356022652939	1
389395835	1103693880388657152	1
389395835	468304135	1
39338497	1246908203230781440	1
39338497	768737826234044416	1
395179767	2525778087	1
395179767	3207950973	1
396883287	1412496949111050240	1
397961650	1434022273506324482	1
397961650	49685654	1
410782094	3841429516	1
411653598	500882938	1
412936122	2941966907	1
414108131	1325811912513368068	1
414108131	1482316653073506313	1
416534525	1047455850	1
416534525	291294443	1
416534525	500711588	1
417897223	768737826234044416	1
418639778	1047455850	1
420419717	1100472388997783552	1
420419717	2525778087	1
420419717	484122940	1
420667296	1428732356022652939	1
4256026096	1262453552	1
425686235	1103693880388657152	1
425686235	446477795	1
425686235	8001112	1
428431567	1428732356022652939	1
429255979	460239013	1
429395418	1292430232625053696	1
430743919	2713181387	1
431172304	1262453552	1
433604815	882601007338979328	1
4340888903	117701249	1
434705268	479645115	1
434705268	500882938	1
435673164	484122940	1
435673164	49685654	1
436038865	105507234	1
436038865	1302616789348691968	1
436038865	1439519096975073284	1
436188255	1360232480	1
437533038	1103693880388657152	1
437533038	437533038	1
437734783	1360232480	1
4394909499	1325811912513368068	1
44213309	25676606	1
443802975	329647103	1
446380041	2956358817	1
447874305	49685654	1
4480118843	384431924	1
448693263	384431924	1
45176195	1428732356022652939	1
45176195	984053651231727616	1
45392303	1428732356022652939	1
45392303	1463451886741123072	1
45392303	446477795	1
45392303	49685654	1
455266241	1155459166380744709	1
459256131	4794414694	1
460061801	117701249	1
461937617	1428732356022652939	1
463635153	384431924	1
464855487	1281542486	1
464855487	1427899331005329408	1
4702133172	150725695	1
4702133172	446477795	1
4702133172	69959408	1
475150043	104170025	1
4754610339	1391169980662755328	1
4754610339	1482316653073506313	1
475732955	384431924	1
483665419	1086702385	1
4851430133	104170025	1
485551571	384431924	1
4866773885	384431924	1
488844512	148778931	1
489633908	1030767500932341760	1
492868812	368920797	1
493833883	1360232480	1
494358540	3179856502	1
496862827	49685654	1
499979030	1440748218791305219	1
499979030	384431924	1
500882938	1037543858	1
500929319	1463451886741123072	1
500929319	384431924	1
501491773	1428732356022652939	1
503847121	1463451886741123072	1
503847121	384431924	1
508906474	1246908203230781440	1
508906474	1253984129160536064	2
508906474	1369708210819567619	1
508906474	368920797	1
508906474	984053651231727616	2
509387044	384431924	1
50946275	1004339803314446336	1
513790402	1037543858	1
516238138	1464312736272297992	1
521164308	1159096345342414853	1
522113871	1890600458	1
52424550	156931889	1
525763777	1232667590067093506	1
52679176	1392726045082767360	1
52679176	1425194624033902594	1
52679176	1463451886741123072	1
529718462	566428916	1
54854562	384431924	1
549017081	1428732356022652939	1
549017081	2338484714	1
549050267	1428732356022652939	1
549050267	2525778087	1
550208657	49685654	1
554313343	384431924	1
555556029	1203597456031834113	1
557589892	49685654	1
558560470	3179856502	1
560353561	1485981992877498368	1
56346691	35525950	1
576128417	29727048	1
585763292	1100472388997783552	1
585763292	1360232480	1
585763292	1366505333523443715	1
585763292	1434022273506324482	1
585763292	1722707281	1
586816158	1027650131187904512	1
586816158	4901117332	1
587258432	696736903857577986	1
58748101	1214840356098981888	1
593817814	419094387	1
600136789	1037543858	1
600136789	1296390431190679553	1
600136789	500882938	3
607517520	1219298065951133696	1
60836149	1463451886741123072	1
609509895	423703668	1
613917828	1077691849	1
61703985	1248341835770200064	1
625712362	8001112	1
65690709	65690709	1
700841898	1360232480	1
700841898	479645115	1
704662373483864064	1360232480	1
704662373483864064	986811270	1
706097800040357888	1302616789348691968	1
706194719492206592	49685654	1
70624474	1302616789348691968	1
712571565305700352	1288910117954617347	1
719979273000468480	49685654	1
720298583296061440	1262570369187221514	1
722641382	1302616789348691968	1
722684492	1103693880388657152	1
726702386	384431924	1
730365142454636544	1349303685243932672	1
730365142454636544	1360232480	1
733309640	380473676	1
737129292811866112	384431924	1
738350242597310464	1428732356022652939	1
742396903	1077691849	1
742396903	1086984555352023040	1
742396903	1104384196724879362	1
744659342738210816	384431924	1
744984726080004096	3179856502	1
745207130207170560	550555137	1
751180558936530944	1425721067474235394	1
752109865267585024	3079123505	1
752455943921790976	1460042328060616704	1
754395750499491840	1325811912513368068	1
757150618188386304	1302616789348691968	1
757521873743798272	1302616789348691968	1
761121380	1455475757677953024	1
763310989232177152	3179856502	1
763310989232177152	479645115	1
763323474551181312	1360232480	1
768737826234044416	1292771548110233600	1
768737826234044416	1374453089487310863	1
772938597137801216	1086702385	1
776465110856589312	776465110856589312	2
789281882	550555137	1
789281882	906647966	1
792731002900709376	1428732356022652939	1
794082124676681728	908256776	1
799007315034800128	1383698470389706753	1
800260353233854464	1246908203230781440	1
800260353233854464	479645115	1
802097584332558336	1428732356022652939	1
802097584332558336	384431924	1
804354408	4861946812	1
806601370174451712	479645115	1
808059621885771776	1271688692357378048	1
81637419	384431924	1
816740533079068672	1410161948356972545	1
821343	384431924	1
823210669512200192	500711588	1
823210669512200192	823210669512200193	1
828306291756060672	1219298065951133696	1
829089536613478400	49685654	1
831860163372015616	602903174	1
831905911	1161196922	1
831905911	1325811912513368068	1
835365786	191000489	1
84193474	1360232480	1
846458517624119296	986811270	1
851421262039703552	384431924	1
856380782847422464	3179856502	1
860917372835827712	1428732356022652939	1
862970692958138368	1360232480	1
86938862	1360232480	1
86938862	1428732356022652939	1
872477161545977856	1360232480	1
875178422	696736903857577986	1
876799040	1428732356022652939	1
87950192	1383698470389706753	1
879812316291903488	1091963502229639168	1
879812316291903488	2525778087	1
883032743340322816	104170025	1
883300814365896704	484122940	1
883300814365896704	49685654	1
884460743453798400	384431924	1
884782095893188608	1103693880388657152	1
884782095893188608	3179856502	1
887300792654475264	355998585	1
893527335789580288	1100472388997783552	1
893527335789580288	1302616789348691968	1
893527335789580288	484122940	1
895074662	1360232480	1
895568973789630464	747451360715616257	1
895568973789630464	8001112	1
899192571314016256	4901117332	1
903365590118694912	1360232480	1
907209567406358528	566428916	1
912816336	1246908203230781440	1
914924414332014592	1262453552	1
914924414332014592	470180296	1
919568303894515712	1241659242404352000	1
920005244	1360232480	1
922188300236087296	384431924	1
92260294	384431924	1
928373996306993152	1159096345342414853	1
928373996306993152	402580562	1
930822249707376640	58748101	1
931948634190598144	418801237	1
941772138008268800	1464312736272297992	1
945102892956086272	1463451886741123072	1
945612625	2525778087	1
946452048668708864	384431924	1
949599661471555584	104170025	1
95443928	1428732356022652939	1
956636032002396160	1246908203230781440	1
959237674707103744	1254755875174088704	1
959237674707103744	3239016405	1
959237674707103744	384431924	1
964460408	274554049	1
966702165095059456	1428732356022652939	1
96960470	104170025	2
96960470	1097401157272694784	1
96960470	1158791818995228672	1
96960470	1428732356022652939	1
96960470	1463451886741123072	1
96960470	479645115	1
96960470	973994095440953344	1
970409903033651200	104170025	1
970409903033651200	1383698470389706753	1
970409903033651200	1428732356022652939	1
970804857580990464	1006057344042766336	1
972235532301455360	244140469	1
977605577827389440	1405789050	1
977605577827389440	258939063	1
978660801241403392	1428732356022652939	1
978660801241403392	384431924	1
97948686	2397689598	1
97948686	438634942	1
982532094	1246908203230781440	1
986140489	3179856502	1
990546076179591168	1100472388997783552	1
99258785	696736903857577986	1
99373477	3179856502	1
994454332614545408	1091963502229639168	1
994454332614545408	2525778087	1
997450507751952384	1032326690264018944	1
