1000018877009596416	1288097058222735360	1
1000138698032320512	120380619	1
1000138698032320512	2250622285	1
1000138698032320512	763146166620057600	1
1000274080153718784	258141458	1
1000317689498341376	438849246	1
1000317689498341376	951246650	1
1000346763360919552	1093897197668712449	1
1000346763360919552	1212756707757051904	1
1000346763360919552	1240690942904066049	1
1000346763360919552	2712011748	1
1000859842179977216	2250622285	1
1000872195227340800	1338991452681072642	1
1000973052535017472	951246650	1
1001006498082934784	608534375	1
1001057886322216960	280543999	1
1001057886322216960	2971932658	1
1001057886322216960	500711588	2
1001354304358371328	2623362653	1
1001354304358371328	987756923129876481	1
1001454464149151744	500711588	2
1001472962300731392	1392947252256202753	1
1001472962300731392	1428732356022652939	1
1001748711729434624	1250669646765834245	1
1002129280938205184	1192686774423867393	1
1002634999378731008	446477795	1
1003410897220571136	1272821807658172418	1
1003410897220571136	1471660712548315137	1
1003891004028739584	2525778087	1
1004217435355058176	1959181656	1
1004709269118357504	24152905	1
1004821348730929152	1255518264962289666	1
1004821348730929152	3155682418	1
1004874680	370156974	1
1004886276	1471660712548315137	1
100517532	449929150	1
1006057344042766336	987737436926173184	1
1006081105567670272	1360232480	1
1006111791435472896	759759746849120256	1
1006400634	1103693880388657152	1
1006400634	289400495	1
1006493750	1439982902884945920	1
1006493750	84853836	1
1006873192374382592	2525778087	1
1007028370377531392	2264348977	1
1007375462031642624	951246650	1
100812291	867581934	1
100878763	177164070	1
100878763	2250622285	1
100878763	2525778087	1
100878763	3011936883	1
100878763	618540945	1
100878763	730384549809672196	1
100878763	784525968	1
1008793418854813696	987756923129876481	1
1008811781270245376	2264348977	1
1009362391258288128	289400495	1
1009362391258288128	901407185728614402	1
1009420195012792320	446477795	1
1009537143813955584	940499085886480384	1
1009590384853385216	1174771350034104321	1
1009590384853385216	1222916969697071104	1
1009590384853385216	1422951895	1
1009753376	52435663	1
1009753376	784489264100827137	1
1010427995348176896	1265964896090456064	1
1010448068	1372271194037231618	1
1010448068	1971689594	1
1010448068	2360515482	2
1010503220307865600	1027214104661028864	1
1010652026068525056	3179856502	1
1010807990	867581934	1
1010911295615524864	1360232480	1
1010911295615524864	432516884	1
1011310374535213056	1272821807658172418	1
1011597433288183808	420351046	1
1011603156	826921941667823616	1
101181771	1233445109250785280	1
1011929624203407360	29045944	1
1012415892293083136	219742654	1
1012718378	1103693880388657152	1
1012718378	987756923129876481	1
1013071995859275776	127532707	1
1013117294	1360232480	1
1013117294	2250622285	1
1013117294	784525968	1
1013404334	569940489	1
1013543443	1420151270388736004	1
1013654088	425686235	1
1014795610485088256	987756923129876481	1
1015150237	500711588	1
1015440260	2546046132	1
1015943185	2303644001	2
1015943185	8001112	1
1016306425826545664	18935802	1
1017004271462768640	500711588	1
1017353439901376512	3261117908	1
1017667801	593857148	1
1017975031	2322424306	1
1017975031	425686235	1
1017975031	987756923129876481	1
1018054458981351424	370156974	1
1018132463066009600	2894480764	1
1018941902866059264	1272821807658172418	1
1019288033202405376	1272821807658172418	1
1019368217024909312	1248341835770200064	1
1019499052172546048	1288097058222735360	1
1019499052172546048	728614726519955456	1
1019882040639057920	1272821807658172418	1
1019882040639057920	2525778087	1
1019908465	1272821807658172418	1
1020303953974759424	3318549610	1
102099568	827344747	1
102102368	1248341835770200064	1
1021082245141057536	1490653852835753990	1
1021856318381064192	763146166620057600	1
1021869469	936284727794860033	1
1022139624796418048	2525778087	1
1022538426	221902171	1
1022538426	420351046	1
1022538426	987756923129876481	1
1022971756754157568	1334546508	1
1022971756754157568	1464788840	1
1023151363956633600	318713537	1
1023826592	2893489125	1
1024744381419606016	569157754	1
1025032478451490816	987756923129876481	2
1025115175798620160	41370439	1
1025143716	1185883406464376832	1
1025143716	2896334794	1
1025143716	455378815	1
1025397335298334720	1248341835770200064	1
1025397335298334720	792731002900709376	1
1025657582185271296	370156974	1
1025767333988581376	497995758	2
102620569	464059601	1
1026363265	1027214104661028864	1
1026429492271755264	987756923129876481	1
1026569455	2561719567	1
1026569455	827344747	1
1026948296	120380619	1
1026948296	2303644001	1
1027130908229468160	1083776380020637698	1
102717426	145225789	1
1027177210841636864	4591501733	1
1027537150055788544	370156974	1
1028524926	618540945	1
1028672100574392320	230470477	1
1028713306444455936	2525778087	1
1029026187778170880	987756923129876481	1
1029092106722267136	1031158965898375168	1
1029092106722267136	1239969355280105472	1
1029353286997028864	951246650	1
1029413098959130624	500711588	1
1029690445788590080	1272821807658172418	1
1029690445788590080	1391169980662755328	1
1030547915427770368	53672896	1
103077927	872445682472411140	1
1030789004	500711588	1
1031432488294461440	1480138866036252675	1
1031910165761671168	429255979	1
103209710	1471660712548315137	1
1032227404029280256	1248341835770200064	1
1032227404029280256	1416629202485399552	1
103229427	1424636517570519047	1
103229427	150725695	1
103229427	436956088	1
103229427	872445682472411140	1
1032342648324083712	2546046132	1
1032342648324083712	781392022800306176	1
1032532981	2472591199	1
1032615842	1480138866036252675	1
1032615842	3045945338	1
103303397	1360232480	1
1033047670938587136	501750077	1
1033310908766924800	1272821807658172418	1
1033436034833494016	2250622285	1
1033464147957231616	1490467644272791552	1
1033993296203472896	1050141832758341632	1
1033993296203472896	738092501853216768	1
1033993296203472896	831768450	1
1034446975	831768450	1
1034548849598189568	1465053656412213249	1
1034548849598189568	429255979	1
1034548849598189568	757988827151659008	1
1034548849598189568	895568973789630464	1
1034883929478717440	500711588	1
1034891730	4871507764	1
1035239332691562496	3155682418	1
1035247448866934784	492602588	1
1035247448866934784	738414815660670976	1
1035254940892127232	1222916969697071104	1
1035460693	2250622285	1
1035698683	840036044	1
1036329954798129152	1248341835770200064	1
1036329954798129152	1360232480	1
1036329954798129152	1428732356022652939	1
1036329954798129152	1462149943104360460	1
1036329954798129152	1471660712548315137	1
1036329954798129152	2525778087	1
1036329954798129152	283416650	1
1036619597393350656	569157754	1
1036959080	1103693880388657152	1
1037076323599114240	395179767	1
1037083278820483072	283416650	1
1037214644	1272821807658172418	1
1037250097967517696	52424550	1
1037393713	130837695	1
1037393713	56665138	1
1037588599	1106458075182055424	1
1037678352	2525778087	1
1037678352	763146166620057600	1
1037692622	1248341835770200064	1
1037738490409181184	1037543858	1
1037754192	2525778087	1
1037819534	449929150	1
1038117661	1478623479197011968	1
1038156164373078016	1272821807658172418	1
1038177516	1329155760	1
1038257431	1683455144	1
1038909791966572544	274095255	1
1039152966	370156974	1
1040290570730655744	280543999	1
1040676078271037440	2525778087	1
1040676078271037440	763485613	1
1040715474	1272821807658172418	1
1040721248739831808	432516884	1
1040721248739831808	446477795	1
1040828736	1389336539168190466	1
1040828736	1487384848050311171	1
1040828736	3045945338	1
1040828736	429391019	1
1040828736	763485613	1
1040828736	879441189380001792	1
1040890639200780288	2250622285	1
1040890639200780288	951246650	1
1041222319744720896	1248341835770200064	1
1041363965115293696	1384034666705874950	1
1041399934887624704	940499085886480384	1
1041484481406873600	2575112879	1
1041703168801820672	1011308525807693829	1
1041831000	1391169980662755328	1
1041831000	2394684582	1
1041831000	2525778087	1
1041831000	336843638	1
1041831000	406981868	1
1041831000	763485613	1
1041831000	864927221546405888	1
104239528	1103693880388657152	1
104239528	280175586	1
1042482833007239168	1103693880388657152	1
1042482833007239168	149623769	1
1042482833007239168	244081502	1
1042482833007239168	2546046132	1
1042482833007239168	425686235	1
1042691054	1248341835770200064	1
1042691054	1272821807658172418	1
1043099688	50689313	1
1043099688	987756923129876481	1
1043250043862614016	497441873	1
10438412	2546046132	1
10438412	429255979	1
1044494585001639936	1466932451813609474	1
1044601255086166016	622123429	1
1044932990	215728045	1
1045272958133039104	1043108743112806400	2
1045342676311314432	149623769	1
1045558848	2322424306	1
1045944360137895936	446477795	1
1045944360137895936	618540945	1
1046117211365154816	951246650	1
104612663	940499085886480384	1
1046428532308672512	2331802006	2
1046428532308672512	3004160626	1
1046428532308672512	859009830970851328	1
1047701521	1360232480	1
1047701521	1392726045082767360	1
1047701521	1434022273506324482	1
1047701521	1471660712548315137	1
1047701521	2525778087	1
1047701521	406981868	1
1048174793915346944	1420151270388736004	1
1049008081	1004339803314446336	1
1049728880775495680	1234825597194579968	1
1049728880775495680	940499085886480384	1
1050385864797446144	90337089	1
1050648530	1248341835770200064	1
105176830	484771907	1
1051904650897698816	1103693880388657152	1
1051906012104540160	3155682418	1
1051983271503036416	1043108743112806400	2
1051983271503036416	2525778087	1
1052650359217360896	1248341835770200064	1
1052857951969525760	61567461	1
1052927598	1392947252256202753	1
1053176233	3399248921	1
105453059	763146166620057600	1
1055140058	1248341835770200064	1
1055173849	1267422062391541760	1
1055367092	2250622285	1
1055367092	339361740	1
1055367092	510676186	1
1055494906133839872	963567355774341125	1
1056466845295935488	1471660712548315137	1
1056859162263588864	406981868	1
1057614469134774272	454046345	1
1058619467968774144	1360232480	1
105862488	283416650	1
105862488	951246650	1
1058916510	444724633	1
1060152544733941760	987756923129876481	1
1060327002	1128604403198504960	1
1060935332160565248	1288086111806521349	1
1061256532778737664	1103693880388657152	1
1061533180778475520	127532707	1
1061533180778475520	2406664083	1
1062792614272008192	1027214104661028864	1
1062862212	2525778087	1
1062862212	429327262	1
1063135369	500711588	1
1063539782888931328	500711588	1
1063551511	29178622	1
1063806444380798976	1428732356022652939	1
1063899966	2820624695	1
1063917129907490816	446477795	1
1063923588	139379097	1
1064267064431570944	1040643501699067905	1
1064269692	879441189380001792	1
1064468843798552576	569157754	1
1064799155833487360	1516149242	1
1064799155833487360	51759517	1
1064882252901990400	500711588	1
1065254220	332993378	1
1065446190	4171327882	1
1065698616	500711588	2
1065901561	940499085886480384	1
1066162266	763146166620057600	1
1066193983	149623769	1
1066574400	1272821807658172418	1
106680770	1267171424	1
1067008310	1272821807658172418	1
1067008310	2525778087	1
1067059978719162368	1248341835770200064	1
1067059978719162368	1272821807658172418	1
1067059978719162368	951246650	1
1067127218130833408	1103693880388657152	1
1067127218130833408	987756923129876481	1
106724705	1248341835770200064	1
106724705	1471660712548315137	1
1068282171436269568	412936122	1
1068376968343838720	432516884	1
1068756739	763146166620057600	1
1068802416546590720	1428732356022652939	1
1069263193	1428732356022652939	1
1069477208	540903862	1
1070045085784518656	500711588	1
1070045085784518656	987756923129876481	1
107019869	1428732356022652939	1
1070370042657890304	987756923129876481	1
1071380357415616512	325564671	1
1071406278084345856	622123429	1
1071445298	1118554806434652162	1
1071485604	1248341835770200064	1
1071485604	951246650	1
1071654218275217408	827344747	1
1072606810920636416	2181774421	1
1073199771987394560	1248341835770200064	1
1073262441360998400	446477795	1
1073339297355456512	2525778087	1
1073943769257558016	3980610207	1
1074408932	3318549610	1
1074624854	1272821807658172418	1
1075329541181190144	454365633	1
107546884	29045944	1
1077208244316180480	1248341835770200064	1
1077269276	350480549	1
1077603637285847040	1272821807658172418	1
1077603637285847040	406981868	1
1077801097	1378788592403820545	1
1077801097	2820624695	1
1077801097	987756923129876481	1
1078759935914242048	1000835549870075906	1
1079458256949575680	1248341835770200064	1
1079672562857193472	1248341835770200064	1
1079672562857193472	1460029354436661248	1
1079672562857193472	1722707281	1
1079672562857193472	409542852	1
1079672562857193472	75989092	1
1079672562857193472	763485613	1
1079672562857193472	903207318501957632	1
1079800282832343040	2181774421	1
1079810941204791296	1430552573220687876	2
1080175327404544000	895614591455170561	1
108061631	425686235	1
108061631	432516884	1
108061631	831768450	1
108061631	987756923129876481	2
1080692876	987756923129876481	1
1080721419087028224	114458997	1
1080721419087028224	464059601	1
1080786410980950016	2525778087	1
1081145746781548544	2894480764	1
1081191174621270016	1248341835770200064	1
1081191174621270016	2250622285	1
1081200388945178624	2250622285	1
1081678826101489664	889221137871360000	1
1081920106358292480	267145675	1
1081920106358292480	987756923129876481	1
1081962270912143360	1242371602496585728	1
1081962270912143360	49427517	3
1082281620546179072	555134655	1
1082322588653834240	1239951556914577412	1
1082452055246229504	387663403	1
1082724601581486080	157946397	1
1083783097869651968	1272821807658172418	1
1083783097869651968	77614099	1
1083827976284921856	1262570369187221514	1
1084459487203856384	608534375	1
1085146271449518080	1430552573220687876	1
1085291572588097536	1040851917159706624	1
1085292824529199104	622123429	1
1085531312	1248341835770200064	1
1085912953466048512	1233778725243826179	1
1085912953466048512	1428732356022652939	1
1085912953466048512	2322947462	2
1085979823	1243278293454987265	1
1085979823	1272821807658172418	1
1086222647258697728	2820624695	1
1087107041490100224	429255979	1
1087278112352681984	951246650	1
1087349029892210688	446477795	1
1087439860527443968	16476536	1
1087439860527443968	234004465	1
1087439860527443968	500711588	2
1087439860527443968	987756923129876481	1
1087476792007495680	2525778087	1
1087849336241905664	1248341835770200064	1
1087849336241905664	1434022273506324482	1
1087849336241905664	1683455144	1
1087849336241905664	1722707281	1
1087849336241905664	2525778087	1
1087849336241905664	4171327882	1
1087849336241905664	945762882817613824	1
1087849336241905664	951246650	1
1088144288347770880	403440639	1
1088748639349100544	1128224182750384128	1
1088748639349100544	1272821807658172418	1
1088748639349100544	90337089	1
1089470039735103488	139379097	1
1089519374782877696	1087715590691794945	1
1089519374782877696	1260236809709260801	1
1089519374782877696	24152905	1
1089549525281312768	940499085886480384	1
1090190906366533632	569157754	1
1090357716609101824	1471660712548315137	1
1090595328460509184	1248341835770200064	1
1090595328460509184	951246650	1
1091445798284472320	1459901869497724929	1
1092025800	1428732356022652939	1
1092084720	2351913283	1
109213867	280543999	1
109213867	2831933978	1
1092166154783809536	2804006918	1
1092166154783809536	994148481773309957	1
1092305012	336843638	1
1092851539008466944	1103693880388657152	1
1092864387147317248	555134655	1
1092899267478470656	1040225331553214466	1
1092899267478470656	1279164236619530245	1
1092899267478470656	1384034666705874950	1
1092899267478470656	201012406	1
1092899267478470656	2394684582	1
1092899267478470656	377596180	1
1094253615420706816	1438546161955229703	1
1094253615420706816	1465443556445892615	1
1094396285069807616	1219868695	1
1094614208107499520	1043108743112806400	1
1094614208107499520	1248341835770200064	1
1094614208107499520	148778931	1
1095076850	2525778087	1
1095076850	283416650	1
1095418857689358336	432516884	1
1095531864	1234825597194579968	1
1095531864	28528873	2
1095531864	555134655	1
1095677190	1183873050275667970	1
1095677190	1234825597194579968	1
1095677190	448430045	1
1095677190	936284727794860033	1
1096055620275527680	444724633	1
1096126365215178752	1426766646119735296	1
1097784314434109440	1246908203230781440	1
1098262302	233489435	1
1098262302	2866061393	1
1098262302	3500831	1
1098262302	4459166907	1
1098262302	471955948	1
1098262302	497838069	1
1098262302	59720283	1
1098262302	931938360	1
1098262302	962054783711379457	1
1098510936879624192	3025514740	1
1098510936879624192	3149261163	1
1099006778661134336	120380619	1
1099057975669477376	1428732356022652939	1
1099615236	2996281582	1
1101205062574096384	1248341835770200064	1
1101425479469416448	987756923129876481	1
1101507421527252992	1402257028391882754	1
1101507421527252992	2331802006	1
1101507421527252992	987756923129876481	1
110213223	160928901	1
1102685533342453760	1232667590067093506	1
1103450372	160928901	1
1103723677	2343516263	1
110372659	1398605094187376641	1
1104013767443132416	426695764	1
1104026962857742336	446477795	1
110454337	2971932658	1
110460168	11170692	1
110460168	1248341835770200064	1
110460168	1471660712548315137	1
110460168	763146166620057600	1
1104770430	291294443	1
1104770430	325564671	1
1106181225453142016	258141458	1
1106188385591402496	197420648	1
1106449976	1360232480	1
1106542788357902336	1391169980662755328	1
1106654538512154624	1131148316	1
1106654538512154624	828306291756060674	1
1108462122172903424	987756923129876481	2
1108677910800617472	1272821807658172418	1
1109063856721145856	1272821807658172418	1
1109063856721145856	763146166620057600	1
1109104534775914496	763146166620057600	1
1109131712183848960	1040225331553214466	1
1109131712183848960	429255979	1
1109131712183848960	725605091143766016	1
1109178580049846272	1265964896090456064	1
1109268061561982976	149623769	1
1109824066612006912	1248341835770200064	1
1109824066612006912	292385463	1
1109824066612006912	994148481773309957	1
1109829834	1181312294313250816	1
1109829834	391601240	1
1110911670568828928	1272821807658172418	1
1112753621601521664	336843638	1
1112793000059527168	2250622285	1
111421348	500711588	1
1114463296197939200	4171327882	1
1114648990816120832	2343516263	1
1114648990816120832	892382794810363904	1
1114648990816120832	940499085886480384	1
1114648990816120832	987756923129876481	1
1114817509910355968	1248341835770200064	1
1114817509910355968	1471660712548315137	1
1114817509910355968	479645115	1
1114817509910355968	951246650	1
1114933988	1248341835770200064	1
1115898864060510208	987756923129876481	1
1116790574	2238291984	1
111696944	120380619	1
111696944	1234825597194579968	1
111696944	1261350182702252032	1
111696944	332993378	1
11170692	51759517	1
11170692	901003845005971457	1
1117145216753049600	955421331994050560	1
1117145216753049600	987756923129876481	1
1117253024	408068270	1
1117413989879820288	230470477	1
1117413989879820288	446477795	1
1117413989879820288	4705532839	1
1117415327615397888	1261350182702252032	1
1117415327615397888	432516884	1
1117415327615397888	872445682472411140	1
1117415327615397888	987756923129876481	1
1117464055659356160	1428732356022652939	1
1117808694752882688	2250622285	1
1117973636	2525778087	1
1118510358	1398605094187376641	1
1118554806434652160	96534190	1
1118589813052059648	987756923129876481	1
1118823776	987756923129876481	2
1118918941097775104	954731292318453761	1
1119257029724508160	987756923129876481	1
111966918	1428732356022652939	1
111966918	56665138	1
1120396417	784318825831337984	1
1120662112513265664	1241659242404352000	1
1121040713838469120	280543999	2
1121040713838469120	2831933978	1
1121624997179478016	1083776380020637698	1
1121624997179478016	432516884	1
1121624997179478016	831768450	1
1121624997179478016	987756923129876481	1
1121658702254133248	500711588	2
1121951191	1248341835770200064	1
1122399653264285696	1471660712548315137	1
1123179943037423616	1248341835770200064	1
1123179943037423616	1471660712548315137	1
1123179943037423616	2297691966	1
1123179943037423616	784525968	1
1123342494933094400	3179856502	1
1126330494	831768450	1
1127073844123062272	120380619	1
1127073844123062272	408068270	1
1127180263275020288	1648553893	1
1127180263275020288	2174124768	1
1127180263275020288	777092386883248128	1
1127681675289419776	1103693880388657152	1
1128077757961920512	1359758912174645249	1
1128333732	425686235	1
1128678904808579072	120380619	1
1128678904808579072	368920797	1
1128807018	1028237982560645121	1
1128807018	504305342	1
113010566	1288097058222735360	1
1130420497	1234825597194579968	1
1130420497	1265579090	1
1130420497	1334546508	1
1130420497	2832335447	1
1130420497	432516884	2
1130420497	831768450	1
1130420497	987756923129876481	1
1130521967864500224	1431199650267156481	1
1130521967864500224	283416650	1
1131148316	1248341835770200064	1
1131148316	1262570369187221514	1
1131148316	1272821807658172418	1
1131148316	1305609520266305539	1
1131148316	2525778087	2
1131148316	3026367370	1
1131148316	419441999	1
1131510475	1213722042	1
1131884080776253440	1204843859320213512	1
1132954639236849664	763146166620057600	1
1133111378045284352	1262570369187221514	1
1133111378045284352	951246650	1
1133761049893724160	29045944	1
1133761049893724160	318713537	1
1134449079478603776	763146166620057600	1
1134481630712795136	1060095360	1
1134823120051822592	542028193	1
1134823120051822592	763146166620057600	1
1135103330357796864	1309478606318469121	1
1135103330357796864	61567461	2
1135136972	1257339138912763906	1
1135136972	432516884	1
1135427762	987756923129876481	1
1135645643572224000	1103693880388657152	1
1136490145	2251943851	1
1136584844618678272	289400495	1
1136656067654557696	1471660712548315137	1
1136656067654557696	1683455144	1
1136705701051543552	1241304047803645952	1
1136705701051543552	500711588	1
1138777682248982528	1248341835770200064	1
1138777682248982528	1407091232292147208	1
1138777682248982528	479645115	1
1139165207572426752	569157754	1
1139996376060895232	25508589	1
1139996376060895232	860015294	1
1140281192807325696	280543999	1
1140281192807325696	291294443	2
1140301376460918784	900733613423161344	1
1140782531597471744	1140782531597471745	1
1140861840	625733	1
1140952112182038528	2525778087	1
1141335374947672064	446477795	1
1141368228515631104	1248341835770200064	1
1141372158259712000	1349480839969648645	1
114145266	1360232480	1
1142032210045886464	2525778087	1
1142382141747146752	1255327982425722882	1
1142382141747146752	763146166620057600	1
1142774480	763485613	1
1142918101639532544	1959181656	1
114300672	543774554	1
114317541	1043108743112806400	1
114317541	2996281582	1
1143175728046977024	1248341835770200064	1
1143175728046977024	3179856502	1
1143175728046977024	763146166620057600	1
1143282662	987756923129876481	1
1143519006206365696	1272821807658172418	1
1144572134934622208	2546046132	1
1144572134934622208	500711588	1
1145030280077553664	1234825597194579968	1
1145030280077553664	987756923129876481	1
1146000671038222336	446477795	1
1146412314251448320	1288086111806521349	1
1146412314251448320	1465053656412213249	1
1146412314251448320	221902171	1
1146412314251448320	987756923129876481	1
1146470265406332928	1005434661529620481	1
1146567252378103808	1040225331553214466	1
1146567252378103808	1288097058222735360	1
1147108037204856832	1272821807658172418	1
1147835163176570880	1047455850	1
1147835163176570880	1058874338345136130	1
1148307902572171264	1083776380020637698	1
1148307902572171264	50361109	1
1148307902572171264	892382794810363904	1
1148946079	1428732356022652939	1
1149685110138200064	1206936992145121280	1
1150383929045766144	989423077	1
1150467950723444736	1219298065951133696	1
1150467950723444736	1722707281	1
1150467950723444736	25508589	1
1150467950723444736	283416650	1
1150751883566493696	1182035380893339648	1
1150751883566493696	1272821807658172418	1
1150751883566493696	1363888045154578434	1
1150751883566493696	3318549610	1
115139827	808263225393422336	1
1151418277257732096	951246650	1
1151435873239670784	1151435873239670785	1
115175546	1272821807658172418	1
115175546	479645115	1
1151785600326021120	2525778087	1
1152447624328425472	1272821807658172418	1
1152517116731502592	1309160994996916226	1
115308284	2346570771	1
115308284	383116512	1
115308284	49427517	1
115308284	53672896	1
115308284	864091044329259008	1
115308284	869873746559062017	1
1153176332	1248341835770200064	1
1153176332	1434022273506324482	1
1153176332	283416650	1
1153354732137791488	1031529875553828867	1
1153354732137791488	1153354732137791488	1
1153354732137791488	1267422062391541760	1
1153354732137791488	1299746795413790721	1
1153354732137791488	1321179545723174913	3
1153354732137791488	1446516496499347464	1
1153354732137791488	1451621733845372932	1
1153354732137791488	973305781574660096	1
11540552	1260563384740859904	1
1154371862606098432	2794337039	1
1154371862606098432	763146166620057600	1
1154663621617737728	763146166620057600	1
1155207979	1248341835770200064	1
1156123512647618560	1257339138912763906	1
1156217235637252096	1248341835770200064	1
1156303286	1272821807658172418	1
1156548780780609536	1248341835770200064	1
1156658155121729536	4705532839	1
1156675865981440000	1272821807658172418	1
1157335753157992448	499917668	1
1157612360221286400	1004339803314446336	2
1157625903880577024	540903862	1
1158164456	1272821807658172418	1
1159071326767915008	622123429	1
1160071044490846208	2250622285	1
1160101840345796608	1334546508	1
1160196692135821312	3155682418	1
1160201185242075136	951246650	1
116050560	289400495	1
1160826529624023040	2525778087	1
1160852194117201920	1334546508	1
1160852194117201920	289400495	1
1160852194117201920	432516884	1
1160852194117201920	500711588	1
1160852194117201920	555134655	1
1160852194117201920	889221137871360000	1
1160890629225951232	2996281582	1
1161374612388745216	987756923129876481	2
1161715223402831872	1360232480	1
1161715223402831872	1428732356022652939	1
1161715223402831872	2525778087	1
116219246	1272821807658172418	1
1162441321598128128	1248341835770200064	1
1162441321598128128	1309160994996916226	1
1163031534565285888	1683455144	1
1163096840625164288	61567461	1
1163304648	987756923129876481	1
1163389555	951246650	1
1163703060	951246650	1
1163777072139001856	460239013	1
1163777072139001856	804304134	1
1164038954	350480549	1
116423332	432516884	1
1164470940698316800	11170692	1
1164476557123080192	123920914	1
1164476557123080192	446610798	1
1164610941524283392	870577779187875840	2
1164619170853654528	350480549	1
1164832049963732992	1248341835770200064	1
1164832049963732992	1255518264962289666	1
1164832049963732992	1272821807658172418	1
1164832049963732992	1959181656	1
1165583241056796672	1241304047803645952	1
1166184584981045248	436956088	1
1166400933183545344	1166400933183545344	1
1166400933183545344	123920914	1
1166400933183545344	1494596503142338561	1
1166400933183545344	1683455144	1
1166400933183545344	1904898091	1
1166400933183545344	406981868	1
1166400933183545344	831782232905936900	1
1166401156492464128	1360232480	1
1166451475821846528	468353029	1
1167030798	951246650	1
1167314179742519296	446477795	1
1167769625301606400	1375113163323146240	1
1167769625301606400	827344747	1
1167884176911151104	1167884176911151104	2
1167884176911151104	1360232480	1
1168127436678139904	287752154	1
1168229197984215040	1480138866036252675	1
1168229197984215040	1683455144	1
1168612912056999936	14060262	1
1168620947710103552	1272821807658172418	1
1168701144	1407091232292147208	1
1168765200872484864	454365633	1
1169374199338676224	1043108743112806400	1
1169506849	1391169980662755328	1
1169506849	2250622285	1
1169506849	3026367370	1
1169506849	370156974	1
1169506849	4171327882	1
1169506849	879441189380001792	1
117021402	501750077	1
1170219887807160320	763146166620057600	1
1170382579922612224	425686235	1
1170546561060933632	763146166620057600	1
117172862	1428732356022652939	1
117172862	1471660712548315137	1
1171743470802915328	1246908203230781440	1
1171743470802915328	432516884	1
1171784627461251072	2258523345	1
1171784627461251072	78567974	1
1171982814	618540945	1
1172081837012918272	1353069759852474371	1
1172081837012918272	2355023489	1
1172571984967942144	2250622285	1
1172654034278371328	285523418	1
1172741958	1315272920562905088	1
1173116102	521831835	1
1173342017642008576	763146166620057600	1
1173701547492028416	1349303685243932672	1
1174792591713406976	1683455144	1
1174792591713406976	51759517	1
1174792591713406976	831646859378774016	1
1174975232	834245587	1
1174975547614433280	1248341835770200064	1
1174975547614433280	1272821807658172418	1
1174975547614433280	1438546161955229703	1
1174975547614433280	1475514162017185802	1
1175331979727921152	1027650131187904512	1
1175331979727921152	446477795	1
1175343426855952384	826921941667823616	1
1175378057659584512	1420151270388736004	1
1175892195750154240	1246908203230781440	1
1176512524713451520	987756923129876481	1
1176618985	1329155760	1
1176618985	1608414217	1
117701249	409951182	1
1177322949600317440	1272821807658172418	1
1177322949600317440	1471660712548315137	1
1177590266984837120	1177590266984837120	2
1177991377776447488	1364939599601168385	1
1178927744824090624	1334546508	1
1178927744824090624	2832335447	1
1179962942	432516884	1
1179962942	618540945	1
1180103866844635136	1267422062391541760	1
1180103866844635136	219742654	1
1180103866844635136	764836551427813377	1
1180237460065996800	1004339803314446336	1
1180237460065996800	500711588	1
1180252686	987756923129876481	1
1180711645	1222910910223781888	1
1180909486954946560	987756923129876481	1
1180930860889063424	197420648	1
1180930860889063424	608534375	1
1180930860889063424	987756923129876481	1
1181573622588231680	1248341835770200064	1
1181847132766113792	1043108743112806400	1
1183275312093782016	120380619	1
1183275312093782016	432516884	1
1183275312093782016	506387757	1
1183339205700866048	1185883406464376832	1
1183534806	1265579090	1
1183540782	622123429	1
1183820211914457088	1683455144	1
1183820211914457088	419441999	1
1184147629673988096	1031158965898375168	1
1184188522183438336	1203646806	1
1184215179007086592	419441999	1
1184777862336913408	1267422062391541760	1
1184777862336913408	1288097058222735360	1
1184777862336913408	2894480764	1
1184807557380091904	1272821807658172418	1
118513045	1247240837513216006	1
118513045	987756923129876481	1
1185820618949844992	994863809641766912	1
1186592658271232000	1271103189530611713	1
1187106724051849216	622123429	1
1187380629085790208	1243278293454987265	1
1187380629085790208	1360232480	1
1187389126611484672	145225789	1
1187419101599277056	291294443	2
1187419101599277056	2971932658	1
1187419101599277056	55551432	1
1188049140556750848	1103693880388657152	1
1188500420106297344	987756923129876481	1
1188904373553979392	455378815	1
1189018902	987756923129876481	1
1189519863934586880	1248341835770200064	1
1189519863934586880	1272821807658172418	1
119006823	940499085886480384	1
1190578167498579968	1329155760	1
1192449294667853824	1272821807658172418	1
1192449294667853824	1309160994996916226	1
1193103145821495296	1272821807658172418	1
1193471736727121920	1267422062391541760	1
1193645670231629824	1265579090	1
1193645670231629824	2174507470	1
1193645670231629824	368920797	1
1193780617	540903862	1
119418146	497441873	1
119418146	52424550	1
1194222550550827008	368920797	1
1195384883599888384	763485613	1
1195606272667729920	1103693880388657152	1
1195845799315410944	1093169770936102912	1
1196018762593525760	1248341835770200064	1
1196716872634445824	1221455171386916864	1
1197025705	1043108743112806400	1
1197158807140483072	1248341835770200064	1
1197158807140483072	1360232480	1
1198489144470753280	1234825597194579968	1
1199127172990021632	1248341835770200064	1
1199407342854561792	763146166620057600	1
1199811195013943296	1272821807658172418	1
1199811195013943296	951246650	1
1200015024	1346830960566927362	1
1200015024	588200416	1
1200452960305717248	1241659242404352000	1
120072229	1248341835770200064	1
1200853862967660544	1254163039	1
1201586449939865600	1248341835770200064	1
1202232975930396672	1349303685243932672	2
1202232975930396672	951246650	1
1202282477261332480	2894480764	1
1202613816573317120	1262570369187221514	1
1203604933511122944	197420648	1
1203604933511122944	446477795	1
1204415288743059456	2525778087	1
1205143751108284416	2970227800	1
1205217770171965440	625733	1
120534956	1248341835770200064	1
1205389459157585920	408358025	1
1205428460719620096	2250622285	1
1205428460719620096	951246650	1
1206211060061147136	1407091232292147208	1
1206211060061147136	763485613	1
1206918507373481984	1246908203230781440	1
1206918507373481984	1265579090	1
1207583332030124032	1040643501699067905	2
1207583332030124032	2238291984	1
1207936473472884736	332993378	1
1207936473472884736	872445682472411140	1
1208458128523743232	1004339803314446336	1
1208458128523743232	425686235	1
1208458128523743232	831768450	1
1208458128523743232	987756923129876481	1
1208488978720141312	2250622285	1
1208488978720141312	951246650	1
1208728294444679168	1471660712548315137	1
1208811241629716480	817029025017319424	1
1209101335767003136	1058341570058088450	1
1209942123308560384	446477795	1
1211242654782017536	1027214104661028864	1
121160830	127532707	1
1212190158134448128	1428732356022652939	1
1212442492018118656	1248341835770200064	1
1212442492018118656	1272821807658172418	1
1212899672227864576	1271138847766843393	1
1213056385	555134655	1
1213409014094020608	1463567986447601666	1
1213767380687446016	1347682373928935427	1
1214638191170469888	1359758912174645249	1
1214957759306838016	1214957759306838016	1
1214986704492339200	1360232480	1
1214986704492339200	77614099	1
1215433375	1234825597194579968	1
1215678906939990016	1329155760	1
1215678906939990016	2472591199	1
1215678906939990016	2831933978	1
1215678906939990016	291294443	1
1215678906939990016	2971932658	1
1215678906939990016	500711588	1
1215678906939990016	593857148	1
1215678906939990016	875651755	1
1215779772762148864	1234825597194579968	1
1215779772762148864	1265579090	1
1215779772762148864	2608133516	1
1215779772762148864	432516884	2
1216846151569301504	903207318501957632	1
1217029671587663872	1392947252256202753	1
1217029671587663872	1935534786	1
1217029671587663872	51759517	1
1217087224711471104	1248341835770200064	1
1217533345162240000	446477795	1
121756913	2623362653	1
121756913	987756923129876481	1
1217682216567873536	1233778725243826179	1
1217767250695946240	1250669646765834245	1
1217767250695946240	1683455144	1
1218283740419493888	41370439	2
1218283740419493888	987756923129876481	1
1218335445815320576	2820624695	1
1219588396886241280	333214378	1
1219616913774518272	336843638	1
1219788192	1060095360	1
1219788192	313204597	1
1219788192	376393864	1
1219850648	160928901	1
1220072246	828306291756060674	1
1220089860180054016	1011308525807693829	1
1220089860180054016	1339967036810780681	1
1220089860180054016	555134655	1
1220108404431249408	2525778087	1
1220332021026885632	763146166620057600	1
1220466824166432768	622123429	1
1220783928337977344	1490467644272791552	1
1221078933338279936	160928901	1
1221119130	540903862	1
1221563242977419264	1468844946568450049	1
1221758605847879680	951246650	1
1222215704042254336	53048130	1
1222215704042254336	763146166620057600	1
1222227577	1434022273506324482	1
1222740692	446477795	1
1222894268479524864	2258523345	1
1222894268479524864	49427517	1
1222894268479524864	877570096302051328	1
1222977289530617856	1269002722264653831	1
1223007450179215360	1360232480	1
1223007450179215360	1364939599601168385	1
1223007450179215360	1683455144	1
1223007450179215360	426112917	1
1223365965603332096	987756923129876481	1
1223662912713232384	3155682418	1
1223745753107107840	1246908203230781440	1
1223954414807011328	763146166620057600	1
1224165516	1233778725243826179	1
1224165516	2250622285	1
1224294333127569408	1027214104661028864	1
1224294333127569408	708581628201844736	1
1224441067929505792	1248341835770200064	1
1224809573913124864	1428732356022652939	1
1224809573913124864	763146166620057600	1
1224814378031243264	1272821807658172418	1
1224936960516673536	2794337039	1
1224936960516673536	901003845005971457	1
1224996284	1219298065951133696	1
1224996284	1391169980662755328	1
1224996284	1460506982637621255	1
1224996284	16476536	1
1224996284	1683455144	1
1224996284	350480549	1
1224996284	454365633	1
1225034977	1250669646765834245	1
1225034977	2222183850	1
1225034977	951246650	1
1225159825392308224	103229427	1
1225696746	197420648	1
1225696746	61567461	1
1225821045556490240	329492939	1
1225821045556490240	555134655	1
1226090515147476992	1312765970243612676	1
1226537390690521088	1265579090	1
1226537390690521088	289400495	1
1226872397812424704	1365225812983746560	1
1226872397812424704	622123429	1
1226925410556006400	940499085886480384	1
1227177699938095104	1288097058222735360	1
1227177699938095104	230470477	1
1227251701	2367326215	1
1227606981076291584	1428732356022652939	1
1227606981076291584	1431199650267156481	1
1227614582912540672	1248341835770200064	1
1227633852753104896	1471660712548315137	1
1227982760	29045944	1
1227982760	318713537	1
1228114681	1683455144	1
1228239373101158400	155695954	1
1228441538147028992	500711588	2
1228466690	29045944	1
1228722936510603264	1431199650267156481	1
1228779720944357376	987756923129876481	1
1229157865266520064	234004465	1
1229157865266520064	618540945	1
1229157865266520064	889221137871360000	2
1229409632	532000906	1
1229869027	864927221546405888	1
1230138367767121920	4909426317	1
1231565391543050240	1248341835770200064	1
1231565391543050240	4171327882	1
1231580052439097344	25508589	1
1231899811	763146166620057600	1
1232067242	1428732356022652939	1
1233489194955296768	2820624695	1
1233696142032015360	1459901869497724929	1
1233777638742908928	395179767	1
1234155398707470336	763146166620057600	1
1234391322	500711588	1
1234660638	52435663	1
1234763760583217152	1043108743112806400	1
1234907835491897344	1288097058222735360	1
1234938411158589440	1103693880388657152	1
1235450596850913280	446477795	1
1235621897796280320	1272821807658172418	1
1235621897796280320	1471660712548315137	1
1235621897796280320	951246650	1
1236255995984297984	951246650	1
1236336724399329280	1366505333523443715	1
1236336724399329280	1392726045082767360	1
1236336724399329280	1471660712548315137	1
1236343528747347968	2525778087	1
1236379816431169536	1392726045082767360	2
1236660855120498688	763146166620057600	1
1236800418304450560	555134655	1
1237015212160700416	179871513	1
1237015212160700416	763146166620057600	1
1237045959789613056	1053632622465818624	1
1237807159754264576	2258523345	1
1237807159754264576	963938472	1
1237938136958844928	1027214104661028864	1
1237962169167368192	1049660266340904960	1
1237962169167368192	2820624695	1
1237962169167368192	432516884	1
1237962169167368192	784525968	1
1238080592618676224	2981856639	1
1238080592618676224	425686235	1
1238099144100777984	1262570369187221514	1
1238208769819099136	1493208414218039302	1
1238409776637399040	2250622285	1
1238509058396692480	1272821807658172418	1
1238747319958372352	1015864513	1
1238747319958372352	232534560	1
1238761334	2757620145	1
1238787162524594176	1082497097956499456	1
1239122714	1219298065951133696	1
1239183543382802432	4171327882	1
1239195408771006464	1459901869497724929	1
1239559948822077440	3155682418	1
1239689270	285523418	1
1239966136491483136	1722707281	1
1239969355280105472	1683455144	1
1239969355280105472	3179856502	1
1240110720429240320	1248341835770200064	1
1240110720429240320	2214630010	1
1240214959776239616	1234825597194579968	1
1240214959776239616	1265579090	1
1240214959776239616	1334546508	1
1240214959776239616	418768394	1
1240214959776239616	987756923129876481	1
1240578860225363968	1434022273506324482	1
1240578860225363968	3151825048	1
1240692470876381184	446477795	1
1240786200	350480549	1
1240786200	409542852	1
1240798471717892096	444724633	1
1241114176275255296	1004339803314446336	2
1241114176275255296	1636129136	1
1241114176275255296	425686235	1
1241114176275255296	449929150	1
1241114176275255296	555134655	1
1241114176275255296	892382794810363904	1
1241472625785942016	419441999	1
124151098	1029182665	1
124151098	1550202733	1
124151098	259659978	1
1241562452468391936	892382794810363904	1
1241563549	39484463	1
1241615589828964352	763146166620057600	1
1241615589828964352	901003845005971457	1
1241846534918098944	763146166620057600	1
1242089940143538176	951246650	1
1242209219929157632	951246650	1
1242481949437919232	1082497097956499456	1
1242481949437919232	1392726045082767360	1
1242481949437919232	1428732356022652939	1
1242481949437919232	1471660712548315137	1
1242637958559211520	987756923129876481	1
1242779555527614464	333214378	1
1242849729417031680	1459901869497724929	1
1243209185233457152	1465053656412213249	1
1243209185233457152	234004465	1
1243209185233457152	500711588	2
1243233998509309952	1000480351905632258	1
1243401080	2525778087	1
1243500253174775808	1255327982425722882	1
1243500253174775808	1262570369187221514	1
1243500253174775808	3045945338	1
1243500253174775808	350480549	1
1243549083500982272	2894480764	1
1243549083500982272	806116548989612033	1
1243575912337113088	2525778087	1
1243670514389987328	402580562	1
1243701700600479744	622123429	1
1243835009217302528	1248341835770200064	1
1243835009217302528	831768450	1
1243904617081077760	763146166620057600	1
1244058540798619648	2623362653	1
1244058540798619648	444225252	1
1244058540798619648	987756923129876481	1
1244526915542757376	1154486789698183174	1
1244662772262150144	1683455144	1
1244668758	61567461	1
1244959700921303040	372273460	1
1245112462548049920	41370439	1
124594588	130837695	1
124594588	132880191	1
124594588	306148468	1
124594588	500711588	1
1246006761175293952	763146166620057600	1
1246088563529302016	1455204821242372096	1
1246148504868794368	1241304047803645952	1
1246341246798516224	1083776380020637698	1
1246378567426072576	951246650	1
1246782705959870464	29045944	1
1246801249430917120	1004339803314446336	1
1246801249430917120	425686235	1
1246905536672604160	2894480764	1
1247430708	1272821807658172418	1
1247558843955064832	1241304047803645952	1
1247558843955064832	258141458	1
1247558843955064832	29178622	1
1247558843955064832	71756192	1
1247837027476930560	1413730903	1
1247972665756987392	2264348977	1
1247987008955396096	1286584999085510656	1
1247987008955396096	1378788592403820545	1
1247987008955396096	1384034666705874950	1
1247987008955396096	3292654437	1
1248236763623174144	368920797	1
1248365893681283072	951246650	1
124836934	2181774421	1
1248468055170007040	555134655	1
1248519886000861184	500711588	1
1248614471209119744	1272821807658172418	1
1248685964857348096	1060095360	1
124870611	500711588	2
1248950663880605696	16476536	1
1249412358637666304	283416650	1
1249643618677243904	368920797	1
1249684227064508416	1224447225918562304	1
1249751534	555134655	1
1249842258226053120	1310565298920136705	1
1249848746	2322947462	1
1249848746	2525778087	1
1249848746	350480549	1
1249974018146553856	1234825597194579968	1
1250166694338801664	1248341835770200064	1
1250166694338801664	1428732356022652939	1
1250166694338801664	2250622285	1
1250166694338801664	2779359633	1
1250166694338801664	951246650	1
1250177731	283416650	1
1250351262471581696	1409848172986445826	1
1250669646765834240	1272821807658172418	1
1250669646765834240	1441789211451949056	1
1251322195	1344746178	1
1251322195	446477795	1
1251512488925020160	54165204	1
1251524609498898432	419441999	1
1251524609498898432	984126296094597121	1
1251540779153137664	1471660712548315137	1
1251540779153137664	763146166620057600	1
1251540779153137664	951246650	1
1251668659648561152	1027214104661028864	1
1251668659648561152	826921941667823616	1
1251764705712132096	555134655	1
1252240808583008256	1252319018507272195	1
1252343261064310784	1248341835770200064	1
1252343261064310784	1272821807658172418	1
1252899638937616384	951246650	1
1252900878	446477795	1
1252923618125852672	1140782531597471745	1
1252923618125852672	368920797	1
1253009145512497152	1219298065951133696	1
1253310258656825344	2250622285	1
1253714305750650880	258141458	1
1253733537162952704	1380237860683538438	1
1253733537162952704	987756923129876481	1
1254327853702930432	987756923129876481	1
1254331416273399808	1272821807658172418	1
1254348607060353024	1272821807658172418	1
1254348607060353024	283416650	1
1254388189298601984	1325161988134227968	1
1254832039	1000835549870075906	1
1254832039	1172154724285632512	1
1255996136470519808	1248341835770200064	1
1256599404	1044242254523760643	1
1256632964324167680	1391169980662755328	1
1256926144168853504	387663403	1
1258741841371029504	1269002722264653831	1
1258867179191259136	1255327982425722882	1
1258867179191259136	1683455144	1
1259097121392930816	501750077	1
1259103016663289856	500711588	1
1259211173641232384	770714476425408512	1
1259488258456793088	404228630	1
1259684209	177726908	1
1259759928958496768	1177967329495388167	1
1259759928958496768	1259759928958496769	1
1259852265344598016	6062112	1
1260236809709260800	2303644001	1
1260236809709260800	5404582	1
1260236809709260800	572817456	1
1260236809709260800	752127985155801088	1
1260348159454253056	1683455144	1
1260515788433342464	1288097058222735360	1
1260515788433342464	622123429	1
1260518365	1047455850	1
1260518365	738092501853216768	1
126081363	2525778087	1
1260854520546025472	1430552573220687876	1
1260854520546025472	984126296094597121	2
1260879297474150400	747245468	1
1261067028783341568	1027214104661028864	1
1261067028783341568	432516884	1
1261334926370242560	285523418	1
1261334926370242560	555134655	1
1261350182702252032	1724850745	1
1261685750	197420648	1
1261685750	436956088	1
1262043650726465536	2476858796	1
1262043650726465536	391485689	2
1262138317	1272821807658172418	1
1262211571	987756923129876481	1
1262415361250598912	1234825597194579968	1
1262415361250598912	1343266983945629696	1
1262415361250598912	2322424306	1
1262415361250598912	71756192	1
1262415361250598912	987756923129876481	1
1263755599797510144	2181837838	1
1264018218	1338922822886961158	1
1264018218	332993378	1
1264018218	555134655	1
1264179854	61567461	2
1265052798	1463451886741123072	1
1265307863892795392	1272821807658172418	1
1265307863892795392	1471660712548315137	1
1265579090	329492939	1
1265649653783187456	622123429	1
1265662630317957120	963938472	1
1265762242584338432	1248341835770200064	1
1265964896090456064	2351913283	1
1265964896090456064	368920797	1
1265964896090456064	432516884	1
1266040674840981504	3318549610	1
1266649207	1272821807658172418	1
1266649207	283416650	1
1266760585	1103693880388657152	1
1266760585	500711588	1
126727689	1429511600915034118	1
126727689	4171327882	1
1267446498737954816	2250622285	1
1267471147257466880	1267422062391541760	1
1267822557153030144	763146166620057600	1
1267931877261926400	225490204	1
1268979225622708224	987756923129876481	1
1268997737359593472	289477066	1
126941058	1029182665	1
126941058	2213170646	1
126941058	2970227800	1
1273065462	409542852	1
1275061479801122816	1109793344765480960	1
1275154423	1447114931472633857	1
1275154423	2250622285	1
1275154423	409542852	1
127532707	2406664083	1
1277339076362932224	738092501853216768	1
1283784692	104170025	1
1283784692	1043108743112806400	1
1283784692	1391169980662755328	1
1283784692	1683455144	1
1287141172947935232	1313487516104830976	1
1287141172947935232	1471660712548315137	1
1290588940731326464	2174124768	1
1290588940731326464	763146166620057600	1
1290588940731326464	951246650	1
1290721278400303104	1262570369187221514	1
1290721278400303104	479645115	1
1292463168166526976	1234825597194579968	1
1292463168166526976	336843638	1
1295992505293516800	1140782531597471745	1
1297990876275159040	3318549610	1
1298528549591224320	1400854572667703301	1
1299087773601861632	1248341835770200064	1
1299087773601861632	1272821807658172418	1
1299087773601861632	1360232480	1
1299087773601861632	1428732356022652939	1
1299087773601861632	1471660712548315137	1
1299087773601861632	2250622285	1
1299087773601861632	479645115	1
1302251133969326080	1428732356022652939	1
1304071696018739200	1248341835770200064	1
1309160994996916224	1404360477900263431	1
1309160994996916224	2250622285	1
1309160994996916224	763485613	1
1309227547960508416	1248341835770200064	1
1309482182075920384	1241659242404352000	1
1309841835049840640	3318549610	1
1310172300503810048	1310172300503810049	2
1313354509968642048	803567193875169280	1
1316702946768420864	569157754	1
1317396407326806016	1392726045082767360	1
1317396407326806016	1428732356022652939	1
1317396407326806016	2525778087	1
1317396407326806016	283416650	1
1317396407326806016	994148481773309957	1
1319057610	234004465	1
1319248429789401088	2525778087	1
1321916438807019520	697804962059939840	1
1322859828	2250622285	1
1322897724174405632	831646859378774016	1
1323023005304430592	221443448	1
1323023005304430592	625733	1
1323620602784133120	1272821807658172418	1
1326286523801640960	479645115	1
1326530442577768448	472817547	1
1329221930	1360232480	1
1334546508	2832335447	1
1334546508	432516884	1
1334712547	987756923129876481	1
1335550642362912768	763485613	1
1337734677340282880	1248341835770200064	1
1337734677340282880	1959181656	1
1337734677340282880	2525778087	1
1338860689692131328	3261117908	1
1339612234272694272	1351376728040599552	1
1339612234272694272	1391047573553754112	1
1342223197131993088	1683455144	1
1344383673261584384	763146166620057600	1
1345033794529714176	763146166620057600	1
1345781531533602816	1262570369187221514	1
1345781531533602816	1428732356022652939	1
1345781531533602816	1471660712548315137	1
1345781531533602816	2525778087	1
1345781531533602816	283416650	1
1347491738	864927221546405888	1
1348350961312530432	1471660712548315137	1
1348990498183258112	1431199650267156481	1
1349459111251947520	1391047573553754112	1
1349467232	1463451886741123072	1
1349697321576099840	1434022273506324482	1
1349697321576099840	2250622285	1
1349697321576099840	283416650	1
1350201534211117056	1248341835770200064	1
1351153900536164352	1272821807658172418	1
1351153900536164352	77614099	1
1351559898673328128	1392726045082767360	1
1352720317823803392	3261117908	1
1353069759852474368	1248341835770200064	1
1353069759852474368	1353069759852474371	2
1353358345764302848	2187772128	1
1353429050090541056	22495577	1
1356896318	1248341835770200064	1
1356896318	1363888045154578434	1
1356896318	797506411148312576	1
1359190270764601344	1300912900601720834	1
1359758912174645248	1248341835770200064	1
1360232480	1248341835770200064	1
1360978420084137984	468353029	1
1360978420084137984	763146166620057600	1
1363772105905627136	1353069759852474371	1
1363772105905627136	2525778087	1
1364939599601168384	1364939599601168385	2
1364939599601168384	1881117248	1
1366086962164154368	2525778087	1
1368930354468388864	2399035319	1
1369292299830779904	987756923129876481	1
1369640371697942528	1438546161955229703	1
1369640371697942528	2367326215	1
1371456196679450624	350480549	1
1371468588796805120	1243278293454987265	1
1371468588796805120	1360232480	1
1374380722551590912	1272821807658172418	1
1375221591903244288	1224313967994187777	1
137643354	1027214104661028864	1
137643354	1471660712548315137	1
1377584784562651136	2508021147	1
1378953126	1683455144	1
1379520397	1683455144	1
1379962796	1359758912174645249	1
1379962796	1959181656	1
1383610460595843072	399219347	1
1385265387546238976	283416650	1
1389461733425696768	1015864513	1
1389461733425696768	1234825597194579968	1
1389461733425696768	540903862	1
1389470912	78567974	1
1389500832	4171327882	1
1389814780349853696	2525778087	1
1391077456325525504	1360232480	1
1391766884052254720	1250716136250970112	1
1391766884052254720	3318549610	1
1396212248457236480	1272821807658172418	1
1396212248457236480	1482693732646494208	1
1396212248457236480	763146166620057600	1
1396483942811832320	1471660712548315137	1
1397443920964038656	500711588	2
1397552279738273792	1248341835770200064	1
1400039468455845888	1248341835770200064	1
1400039468455845888	2525778087	1
1400854572667703296	1309160994996916226	1
1401072119568650240	1248341835770200064	1
1401495422699515904	540903862	1
1401495422699515904	784280066	1
1402350410757718016	1272821807658172418	1
1402578117877800960	3155682418	1
1402578117877800960	3261117908	1
1402578117877800960	90337089	1
1404360477900263424	1272821807658172418	1
1404360477900263424	1492261831854985227	1
1406528739798884352	419441999	1
1408567643662127104	1328019864439676934	1
1408567643662127104	283416650	1
1408783844342439936	540903862	1
1409849444	120380619	1
1409849444	1246908203230781440	1
1409849444	828306291756060674	1
1410898242397691904	1360232480	1
1410898242397691904	1683455144	1
1412500075	1071485604	1
1412500075	432516884	1
1412791389272805376	1248341835770200064	1
1412791389272805376	455378815	1
1416071387295408128	1360232480	1
1416509471296262144	1219298065951133696	1
1417374328849641472	1248341835770200064	1
1417405855281078272	1268646126149926912	1
1417405855281078272	1488068638577938435	1
1418569788431949824	1471660712548315137	1
141912235	763146166620057600	1
1419298742386180096	1248341835770200064	1
1420124096013209600	1272821807658172418	1
1423285357219434496	2525778087	1
1424014391712829440	1248341835770200064	1
1425221478694506496	951246650	1
1425593852774297600	1349303685243932672	1
1425721067474235392	963938472	1
14278162	1329378301308186631	1
14278162	1334546508	1
1428090020926312448	1441789211451949056	1
1428661827395899392	4171327882	1
1428767360	1309160994996916226	1
1428767360	2250622285	1
1431990401259421696	1248341835770200064	1
1431990401259421696	951246650	1
1432801281081548800	1272821807658172418	1
1432801281081548800	2525778087	1
1432801281081548800	951246650	1
1433103620413788160	118177066	1
1433304175249657856	1360232480	1
1433430916190195712	1243278293454987265	1
1433430916190195712	1360232480	1
1433430916190195712	3318549610	1
1433430916190195712	548631951	1
1433735493150257152	1248341835770200064	1
1433735493150257152	1360232480	1
1433902353707675648	1495070788952727558	1
1435036992056737792	479645115	1
1435036992056737792	951246650	1
1435221376986669056	763146166620057600	1
1435636771505811456	1428732356022652939	1
1436294611559923712	1248341835770200064	1
1436443277041995776	951246650	1
1437460740621938688	3318549610	1
1438224486185292032	2367326215	1
1438397840204632064	784525968	1
1438496986483683328	1248341835770200064	1
1438762590763724800	1438762590763724800	1
1439161272013103104	1255327982425722882	1
1439161272013103104	419441999	1
1439317782785581056	1272821807658172418	1
1439317782785581056	510676186	1
1439519096975073280	1248341835770200064	1
1439847612077821952	1392726045082767360	1
1439948993178525696	500882938	1
1440037811831201792	828306291756060674	1
1440229450939977728	951246650	1
1440701851075112960	2794337039	1
1441036749396926464	1353069759852474371	1
1441036749396926464	1683455144	1
1442246886266601472	1219298065951133696	2
1442246886266601472	1272821807658172418	1
1442246886266601472	951246650	1
144313291	1272821807658172418	1
144313291	1379077243574571012	1
144313291	3045945338	1
144313291	951246650	1
1443994474301038592	2250622285	1
1443994474301038592	2525778087	1
1445090649825583104	2525778087	1
1445674778644205568	406981868	1
1445674778644205568	763146166620057600	1
144571052	763146166620057600	1
14459385	1269002722264653831	1
1446813584261013504	1391169980662755328	1
1446825229020540928	1334546508	1
1447205703194710016	368920797	1
1447476230517927936	1248341835770200064	1
1447476230517927936	2525778087	1
1448184130575945728	2525778087	1
1448291723487100928	1248341835770200064	1
1448291723487100928	283416650	1
1448982766251610112	1248341835770200064	1
1449140701627879424	1272821807658172418	1
1449329889249828864	1490467644272791552	1
1449329889249828864	2794337039	1
1449329889249828864	763146166620057600	1
1449842856210878464	206832958	1
1450033954556456960	1272821807658172418	1
1450062950010691584	1471660712548315137	1
1450353177887444992	500882938	1
1450632745458225152	1391169980662755328	1
1450632745458225152	206832958	1
1450632745458225152	879441189380001792	1
1450632745458225152	951246650	1
1451119733709934592	763146166620057600	1
1453276615891369984	2525778087	1
1453276615891369984	951246650	1
1454361574819438592	1471660712548315137	1
1456223505213759488	1373619394102898690	1
1456223505213759488	1490467644272791552	1
1456223505213759488	479645115	1
1456223505213759488	831646859378774016	1
1456223505213759488	964978087057379328	1
1456681235401543680	1471660712548315137	1
1456681235401543680	29646177	1
1456726149451730944	4871507764	1
145802194	1272821807658172418	1
145802194	987737436926173184	1
1458064736470319104	283416650	1
1458395058	1360232480	1
1458395058	1392726045082767360	1
1458719891322814464	283416650	1
1458719891322814464	797506411148312576	1
1459069649656688640	1165612918458769408	1
1459901869497724928	1248341835770200064	1
1460071901317853184	1446432167513542673	1
1460611925906182144	1334546508	1
1460866857037090816	1248341835770200064	1
1461777355131793408	1250669646765834245	1
1461777355131793408	1441789211451949056	1
1462341149885181952	1272821807658172418	1
1462341149885181952	1683455144	1
1463947437597417472	1248341835770200064	1
1466109301261488128	1019929135	1
1466109301261488128	1300912900601720834	1
1466109301261488128	763146166620057600	1
1466109301261488128	776465110856589312	1
1467488833604366336	1250669646765834245	1
1467488833604366336	1441789211451949056	1
1468668785456467968	1391169980662755328	1
1470012351562887168	1248341835770200064	1
1470292730886692864	1683455144	1
147125416	839870304113455105	1
1472194751017463808	1243490123855138819	1
1472194751017463808	1683455144	1
1472988817607036928	510676186	1
1473542770329591808	1428732356022652939	1
1473559880053235712	1219298065951133696	2
1473559880053235712	1428732356022652939	1
1473581508980101120	1050141832758341632	1
1473581508980101120	1436728775459364868	1
1473581508980101120	283416650	1
1473581508980101120	332993378	1
1473581508980101120	501750077	1
1473581508980101120	764345623	1
1473720837857492992	860015294	1
1475223019140354048	1392726045082767360	1
1475549343667085312	1392726045082767360	1
1475777921121931264	1443109092826963972	1
1476118270394703872	1445761118547243023	1
1476118270394703872	265408261	1
1476183464445714432	1272821807658172418	1
1476183464445714432	2250622285	1
1476245549858930688	1349303685243932672	1
1476597564732551168	999603300629733376	1
1477216659299520512	1492261831854985227	1
1479866821855657984	1272821807658172418	1
1480559052702760960	1428732356022652939	1
1480615649449852928	1248341835770200064	1
1480615649449852928	903207318501957632	1
148069573	2394684582	1
1480916331084062720	1471660712548315137	1
1481642269132288000	2893414655	1
1482693732646494208	1248341835770200064	1
1482786708861210624	1262570369187221514	1
1483047409768972288	283416650	1
1483455245124526080	2525778087	1
1484460290565672960	1192475687501881344	1
1484497360126418944	1392726045082767360	1
1484551514769305600	1428732356022652939	1
1484551514769305600	1471660712548315137	1
1484905448922923008	2525778087	1
1485183204411727872	1428732356022652939	1
1485904211170795520	1272821807658172418	1
1485904211170795520	1413395442629595145	1
1485904211170795520	16476536	1
1485904211170795520	355012500	1
1485920800100294656	989423077	1
1485937615899709440	738092501853216768	1
1487211021609619456	1248341835770200064	1
1487211021609619456	1428732356022652939	1
1487211021609619456	283416650	1
1487545522315534336	283416650	1
1487788046565187584	1487788046565187585	1
1488094032614113280	951246650	1
1488243809179901952	987756923129876481	1
1488488075378499584	1272821807658172418	1
1488628064494006272	951246650	1
1488737575535882240	1683455144	1
1488926726256316416	1103693880388657152	1
1489156120597999616	1360232480	1
1489731335300202496	1248341835770200064	1
1489731335300202496	1262570369187221514	1
1489731335300202496	1360232480	1
1489731335300202496	1490467644272791552	1
1490442995321159680	1460506982637621255	1
1490442995321159680	1471660712548315137	1
1490467644272791552	1271103189530611713	1
1490467644272791552	1401075900477841411	1
1490467644272791552	903207318501957632	1
1491311032127692800	2214630010	2
1491343138350411776	394819747	1
1491913065843118080	1392726045082767360	1
1491913065843118080	797506411148312576	2
1491920106330464256	951246650	1
1492229341828333568	1248341835770200064	1
1492261831854985216	1471660712548315137	1
1492352566771994624	1360232480	1
1493882804865744896	1337861522274521090	1
1493882804865744896	1360232480	1
1493882804865744896	1401075900477841411	1
1493882804865744896	1428732356022652939	1
1493882804865744896	1482693732646494208	1
1493882804865744896	1492261831854985227	1
1493882804865744896	1683455144	1
1493882804865744896	2250622285	1
1493882804865744896	406981868	1
1495223430806970368	569157754	1
152198946	987756923129876481	2
1557557558	1248341835770200064	1
1557557558	1272821807658172418	1
1557557558	1428732356022652939	1
1557557558	2250622285	1
1557557558	989423077	1
156891379	29045944	1
159459884	1262570369187221514	1
160880868	160880868	2
1612753232	1154486789698183174	1
1612753232	139379097	1
1614964946	763146166620057600	1
1683455144	1683455144	1
168782371	139379097	1
1689347677	2996281582	1
1699728120	763146166620057600	1
1701836234	1248341835770200064	1
1701836234	1360232480	1
1701836234	1407091232292147208	1
1701836234	4171327882	1
174643719	1248341835770200064	1
174643719	1272821807658172418	1
174643719	479645115	1
179110892	1248341835770200064	1
179110892	1460029354436661248	1
185794895	1248341835770200064	1
1876212612	408068270	1
1889472642	1428732356022652939	1
1889472642	1467197347063083008	1
1890600458	1248341835770200064	1
1890600458	1262570369187221514	1
1890600458	1272821807658172418	1
1890600458	2525778087	1
18935802	23364501	1
18935802	365462238	3
1895353393	1248341835770200064	1
1895353393	1272821807658172418	1
1895353393	479645115	1
1895353393	849293424775897088	1
1905031909	1466932451813609474	1
1909146774	763146166620057600	1
1926686792	1121911847840571393	1
195063290	2525778087	1
195063290	440815818	1
1958175968	1329155760	1
20042537	1234825597194579968	1
200803896	500711588	1
20849130	1683455144	1
20849130	2779359633	1
20849130	784525968	1
210501383	2804006918	1
211429477	1019929135	1
211429477	1407091232292147208	1
211429477	3261117908	1
211429477	763146166620057600	1
214474395	473174242	1
2155461192	1248341835770200064	1
2155461192	2525778087	1
2162738143	987756923129876481	1
2175887381	831646859378774016	1
2200290805	283416650	1
2200290805	763146166620057600	1
2200290805	999061878	1
22038676	1103693880388657152	1
2207852354	3261117908	1
2207984680	1480138866036252675	1
2207984680	540903862	1
2207984680	627579169	1
2214630010	1219298065951133696	1
2214630010	1364939599601168385	1
222176911	1248341835770200064	1
222176911	2250622285	1
2227488127	1248341835770200064	1
2234580853	763146166620057600	1
2235916268	1248341835770200064	1
2235916268	951246650	1
2236516034	898531222653206529	1
2247093145	283416650	1
2247093145	763146166620057600	1
2251943851	98377867	1
2265243021	29178622	1
2265243021	446477795	1
2280648054	52424550	1
2288643866	3155682418	1
2308142265	1154486789698183174	1
2315349157	127532707	1
2316346309	2525778087	1
2321981176	212855230	1
232241336	29201900	1
2322947462	1085912953466048512	1
2322947462	2322947462	1
2324171570	3179856502	1
2331802006	1066008103	1
2331802006	4912272964	1
2331802006	810034993468768256	1
2333745212	409951182	2
2352972501	429391019	1
2353382138	951246650	1
2359175635	2439937320	1
2363922944	2525778087	1
237334959	106699882	1
2377143224	1248341835770200064	1
2377143224	2525778087	1
2379986716	1360232480	1
2385068164	2525778087	1
2391090577	500711588	1
2391090577	541692979	1
2391090577	8001112	1
2391090577	892382794810363904	1
2391090577	98377867	1
2394684582	1181563222853337088	1
2394684582	1251967746327351298	1
2394684582	1359758912174645249	1
2397689598	1248341835770200064	1
2397689598	951246650	1
2400054079	413541326	1
240817798	1248341835770200064	1
2415388679	2525778087	1
2416044272	2470924842	1
2418496390	1272821807658172418	1
2418496390	951246650	1
2439937320	763146166620057600	1
244081502	41370439	2
244081502	521831835	2
2446637409	2394684582	1
245484212	2250622285	1
245549687	289400495	1
2480323358	2525778087	1
2483513455	2483513455	1
2495410641	1471660712548315137	1
249593744	150725695	1
249593744	951246650	1
2508021147	1391169980662755328	1
2517915133	4909426317	1
2530213677	1222871997971095552	1
2539884768	1074408932	1
2539884768	1360232480	1
2545184177	826921941667823616	1
2558719822	1391169980662755328	1
2558719822	304899193	1
2558719822	51759517	1
256468638	1262570369187221514	1
256468638	951246650	1
256508868	368920797	1
2567300479	350480549	1
2595566549	1496126603776204809	1
2597928337	1077691849	1
260376774	1479197300698361859	1
2605826035	1248341835770200064	1
2608133516	2608133516	3
2609283590	500711588	1
2615476385	1272821807658172418	1
262326778	2250622285	1
2656984642	1000480351905632258	1
2675356905	1248341835770200064	1
270022906	1154486789698183174	1
270050737	3318549610	1
270050737	873667866	1
2711375137	2525778087	1
271596933	987756923129876481	1
272945830	1043108743112806400	1
2736138412	1329155760	1
2736138412	2525778087	1
273897097	1248341835770200064	1
273897097	2525778087	1
2751782307	864839447552118784	1
2772829228	2832335447	1
2772829228	289400495	1
278743750	3155682418	1
278743750	429391019	1
2796145285	497441873	1
280543999	280543999	1
280543999	2831933978	10
2810908050	1713134304	1
2810936374	2525778087	1
2811563782	1428732356022652939	1
2831933978	2831933978	9
2832335447	1265964896090456064	1
2842400818	781392022800306176	1
2855267981	1441024164190687232	1
2867360471	41370439	1
2871560767	1174771350034104321	1
287566348	2394684582	1
2876346088	1047429818004983808	1
2876346088	158017561	1
2876346088	994863809641766912	1
29201900	1234825597194579968	1
29201900	1471660712548315137	1
2921038485	1248341835770200064	1
2942489427	489551817	1
2954968366	807581581	1
2968605063	1262570369187221514	1
2969457687	1428732356022652939	1
2971391255	1286536874	1
2971867924	1463451886741123072	1
2997456399	2250622285	1
2999332065	951246650	1
3004247111	951246650	1
3005566913	1424636517570519047	1
302738243	4171327882	1
3030174323	1959181656	1
3045945338	1392726045082767360	1
3047940471	1471660712548315137	1
305236970	29045944	1
306139229	2801467724	1
3079123505	1428732356022652939	1
3080186967	1248341835770200064	1
314537220	1272821807658172418	1
3152700977	1082497097956499456	1
3155682418	1167060082410102784	1
3155682418	3155682418	1
3159374739	1248341835770200064	1
3172430939	1248341835770200064	1
3172430939	1360232480	1
3172430939	1392726045082767360	1
3172430939	1471660712548315137	1
3172430939	1683455144	1
3172430939	763146166620057600	1
3172430939	784525968	1
3172430939	831646859378774016	1
3176594760	1246908203230781440	1
3176594760	1272821807658172418	1
318713537	1028237982560645121	1
318713537	2258523345	1
319074916	500882938	1
319537863	1243278293454987265	1
319537863	1360232480	1
319537863	763146166620057600	1
319537863	831768450	1
321264725	1192475687501881344	1
321264725	1945228070	1
3240817103	1047455850	1
324293502	1683455144	1
3244161467	1074408932	1
3244161467	2525778087	1
3246056727	2525778087	1
324987074	1459901869497724929	1
3252394091	283416650	1
326150500	1456697037110628362	1
3262283944	1248341835770200064	1
3262283944	2525778087	1
326316197	1262570369187221514	1
3298985147	510676186	1
3307400673	1272821807658172418	1
3307400673	1464312736272297992	1
3318877703	1248341835770200064	1
3325251946	1214203433219026946	1
3327805900	873233558680326144	1
3327805900	986811270	1
3331127301	2214630010	1
3345683158	1392726045082767360	1
335575872	160928901	1
3366460893	1428732356022652939	1
3366460893	2525778087	1
336996257	1103693880388657152	1
336996257	987756923129876481	1
337045369	2174124768	1
33933190	1154486789698183174	2
3395122599	1248341835770200064	1
3395122599	1360232480	1
3395122599	2525778087	1
3395122599	951246650	1
3397089436	3397089436	1
342077368	1238033007631650816	1
3425547017	1472510832936378372	1
3425547017	448988310	1
3425547017	550555137	1
3425547017	906647966	3
3426504598	2250622285	1
3457705635	828306291756060674	1
34885604	500711588	1
355545085	3045945338	1
358968766	1248341835770200064	1
3590817526	1272821807658172418	1
3602153362	951246650	1
3676549834	469677548	1
3676549834	72248630	1
368118881	1620000878	1
368118881	2525778087	1
368920797	491212220	1
370617029	1272821807658172418	1
370617029	2394684582	1
3719235687	1436068395456385035	1
3719734875	618540945	1
372937945	1428732356022652939	1
372937945	1435838003633606659	1
372937945	1471660712548315137	1
372937945	1492261831854985227	1
372937945	223858839	1
372937945	2983707267	1
3764059997	2322947462	1
376691595	454365633	1
376691595	455378815	1
376691595	78567974	1
378431869	432516884	1
379030092	259610484	1
379030092	822480229193154562	1
381088822	1004339803314446336	1
383092419	1272821807658172418	1
384178158	283416650	1
387198659	120380619	1
387198659	446477795	1
387345110	1471660712548315137	1
3880451897	1428732356022652939	1
389395835	306148468	1
389395835	3300601533	1
389395835	393556270	1
389395835	394555285	1
389395835	464059601	1
389395835	500711588	1
389679304	2893414655	1
390032884	1255327982425722882	1
390032884	1392726045082767360	1
39338497	1234825597194579968	1
39338497	1334546508	1
39338497	368920797	1
39338497	889221137871360000	1
393423439	1428732356022652939	1
395179767	1492104756118097932	1
395179767	3045945338	1
395218906	325564671	1
395614290	1154486789698183174	1
3964977808	1248341835770200064	1
396883287	3261117908	1
397961650	1248341835770200064	1
397961650	3045945338	1
399560982	705344611	1
399609372	419441999	1
406981868	1272821807658172418	1
406981868	1391169980662755328	1
406981868	479645115	1
410782094	104170025	1
410782094	3045945338	1
412936122	2388790596	2
414108131	1272821807658172418	1
414108131	1401615084259057669	1
414108131	1428732356022652939	1
414108131	2405837416	1
414108131	479645115	1
414108131	90337089	1
414175238	414175238	1
416534525	500711588	2
416534525	987756923129876481	1
417897223	951246650	1
419094387	2250622285	1
420419717	1463451886741123072	1
420419717	283416650	1
420419717	705284330931802112	1
422771616	994148481773309957	1
423088643	82085860	1
4256026096	1436728775459364868	1
425686235	24152905	1
425686235	28528873	6
425686235	425686235	1
425686235	987756923129876481	1
425803153	763146166620057600	1
426112917	1262570369187221514	1
426112917	1431199650267156481	1
426112917	951246650	1
427728350	1248341835770200064	1
429255979	464059601	1
429967445	1248341835770200064	1
432516884	1334546508	1
432516884	408068270	1
432948366	1272821807658172418	1
434705268	1492352566771994624	1
434705268	51759517	1
434705268	740885811831418880	1
435283445	747010225	1
436956088	213680930	1
436956088	2213170646	1
436956088	436956088	1
436956088	889221137871360000	1
438650686	1219298065951133696	1
4394909499	3045945338	1
4459166907	2866061393	1
4459166907	471955948	2
447170173	1391047573553754112	1
447874305	2525778087	1
4514320401	1272821807658172418	1
45176195	763146166620057600	1
452951935	951246650	1
453385088	429391019	1
45392303	1262570369187221514	1
45392303	1388035128505552896	1
45392303	1391169980662755328	1
454875570	987756923129876481	1
4549605137	1255327982425722882	1
455631190	2575112879	1
4557625767	283416650	1
455888650	1248341835770200064	1
458347992	2217956377	1
4634857036	1272821807658172418	1
463635153	3261117908	1
463635153	738092501853216768	1
464855487	1302616789348691968	1
464855487	1441187900150870019	1
464855487	839870304113455105	1
465483449	1471660712548315137	1
465921722	1262570369187221514	1
465921722	1360232480	1
465921722	256468638	1
465921722	3011936883	1
465921722	350480549	1
465921722	994148481773309957	1
466594672	822480229193154562	1
466641456	1683455144	1
467359617	4171327882	1
468772443	1248341835770200064	1
468772443	1250669646765834245	1
470180296	1379962796	1
472418074	1272821807658172418	1
472475185	994148481773309957	1
4734014421	831768450	1
4734014421	987756923129876481	1
475003600	951246650	1
482507306	867581934	1
483665419	1243278293454987265	1
483665419	1360232480	1
4851430133	2575112879	1
4853628435	1392726045082767360	1
4875964570	1248341835770200064	1
48775728	426695764	1
48775728	831768450	1
487914485	1027214104661028864	1
487914485	1250669646765834245	1
488844512	14145846	1
488844512	219593619	1
488844512	500882938	1
489909029	763146166620057600	1
49130904	831768450	1
49130904	951246650	1
491327107	1309478606318469121	2
491327107	61567461	1
493833883	1428732356022652939	1
49427517	1242371602496585728	1
49427517	22066473	1
494358540	1471660712548315137	1
496075532	1272821807658172418	1
49685654	2525778087	1
497188910	2250622285	1
497188910	763146166620057600	1
498068054	1353069759852474371	1
498068054	1683455144	1
498068054	2250622285	1
498068054	763146166620057600	1
498068054	951246650	1
499876766	1310565298920136705	1
500929319	1722707281	1
500929319	2996281582	1
50120482	1100865397	1
504558286	1272821807658172418	1
504558286	1392947252256202753	1
508906474	1413049559735996417	1
508906474	936284727794860033	1
515542672	379313186	1
520449095	1248341835770200064	1
521164308	1436728775459364868	1
521164308	1683455144	1
521164308	2250622285	1
521164308	2264348977	1
521164308	278425671	2
521164308	951246650	1
521620495	1248341835770200064	1
523682869	1471660712548315137	1
523682869	2525778087	1
52424550	274095255	1
525399771	409542852	1
540845601	1360232480	1
544981545	831768450	1
548276767	1248341835770200064	1
54854562	1428732356022652939	1
54854562	283416650	1
549017081	1360232480	1
549017081	1683455144	1
549017081	757521873743798272	1
549050267	2187772128	1
549050267	4140044403	1
550208657	831768450	1
556683312	2809403786	1
560353561	1428732356022652939	1
562293038	1248341835770200064	1
56346691	446477795	1
56398485	763146166620057600	1
566428916	3155682418	1
574841028	1234825597194579968	1
574841028	1428732356022652939	1
574841028	368920797	1
577628205	1248341835770200064	1
585439502	383116512	1
585968039	1683455144	1
585968039	3261117908	1
587258432	139379097	1
593817814	2250622285	1
600136789	500882938	1
60836149	1272821807658172418	1
626803701	763146166620057600	1
627703049	1413730903	1
632735778	1219298065951133696	1
632735778	54165204	1
634675590	634675590	1
6828042	763146166620057600	1
700841898	1248341835770200064	1
701803634632343552	951246650	1
705170019769065472	1392726045082767360	1
706097800040357888	1248341835770200064	1
706097800040357888	1428732356022652939	1
706097800040357888	500882938	1
706241518017847296	1248341835770200064	1
70624474	2250622285	1
710589026840002560	4171327882	1
711830999227899904	1248341835770200064	1
711830999227899904	1360232480	1
711830999227899904	951246650	1
720298583296061440	1262570369187221514	1
722177829295796224	1272821807658172418	1
726702386	1248341835770200064	1
730365142454636544	2250622285	1
731343264	2367326215	1
734074574275514368	734074574275514368	1
735814251500195840	479645115	1
737129292811866112	1248341835770200064	1
738350242597310464	2525778087	1
738350242597310464	409542852	1
742396903	987756923129876481	2
742783	225087522	1
744659342738210816	1407091232292147208	1
746638522539466752	488642892	1
747184721935933440	1310172300503810049	1
747184721935933440	1438546161955229703	1
747184721935933440	2525778087	1
750419127655858176	2167432183	1
751180558936530944	292385463	1
752109865267585024	329312948	1
752455943921790976	23615081	1
754395750499491840	1438546161955229703	1
754395750499491840	4171327882	1
754395750499491840	951246650	1
757150618188386304	2250622285	1
757521873743798272	1248341835770200064	1
757521873743798272	350480549	1
757521873743798272	951246650	1
761121380	1250669646765834245	1
761170444904964096	1248341835770200064	1
761170444904964096	903207318501957632	1
7622952	763146166620057600	1
763784342	406981868	1
763784342	96761245	1
768737826234044416	1103693880388657152	1
776465110856589312	776465110856589312	1
784101368646819840	125737486	1
784101368646819840	846998459651690500	1
78429954	1248341835770200064	1
78429954	807581581	1
789281882	550555137	1
789715311088001024	1248341835770200064	1
789715311088001024	1379962796	1
789715311088001024	2525778087	1
789715311088001024	432516884	1
792731002900709376	1248341835770200064	1
796693921611022336	1328019864439676934	1
797164623350919168	1219298065951133696	1
797164623350919168	1248341835770200064	1
797164623350919168	1272821807658172418	1
797164623350919168	432516884	1
797164623350919168	555134655	1
797164623350919168	784525968	1
797374091959406592	1428732356022652939	1
799007315034800128	2250622285	1
799007315034800128	763146166620057600	1
804354408	3292873475	1
804354408	3492840315	1
805364712305266688	500882938	1
806305806	454365633	1
806305806	479645115	1
806519922209726464	569157754	1
806601370174451712	1262570369187221514	1
806601370174451712	951246650	1
807596108738416640	963938472	1
810945125878820864	16476536	1
815951610	2264348977	1
81637419	2525778087	1
821147892	951246650	1
821343	2250622285	1
825866849250398208	419441999	1
826896064796094464	2525778087	1
827252208148312064	2525778087	1
827344747	827344747	1
827344747	98377867	1
831860163372015616	1177857412524658689	1
83684321	1959181656	1
838745729296449536	2893489125	1
84193474	1233778725243826179	1
84193474	2525778087	1
845313296	989423077	1
85532371	3045945338	1
85532371	446477795	1
860917372835827712	763146166620057600	1
862970692958138368	1272821807658172418	1
862970692958138368	1959181656	1
867003139	1391169980662755328	1
867003139	831768450	1
86938862	1360232480	1
872009898145533952	1272821807658172418	1
872189046323281920	989423077	1
872477161545977856	1248341835770200064	1
872477161545977856	1360232480	1
873504593719721984	492602588	1
875178422	283416650	1
877535285277597696	1248341835770200064	1
877535285277597696	2525778087	1
879812316291903488	1391169980662755328	1
879812316291903488	2250622285	1
879812316291903488	989423077	1
883300814365896704	1248341835770200064	1
883300814365896704	1471660712548315137	1
883300814365896704	1683455144	1
883300814365896704	831768450	1
884087425	446477795	1
885303356	1959181656	1
887231727143456768	3045945338	1
88731319	1683455144	1
894286780945641472	894286780945641472	1
894616375901257728	61567461	1
895074662	1360232480	1
90045262	1272821807658172418	1
90045262	1360232480	1
90045262	2525778087	1
90045262	283416650	1
901003845005971456	11170692	1
912816336	2250622285	1
914924414332014592	1248341835770200064	1
914924414332014592	831768450	1
914924414332014592	903207318501957632	1
920005244	1460506982637621255	1
921051317161820160	479645115	1
928277269000355840	735814251500195842	1
928391196	1272821807658172418	1
929318281529511936	763146166620057600	1
930328482	2525778087	1
940128329222508544	1471660712548315137	1
941772138008268800	1379077243574571012	1
941772138008268800	1428732356022652939	1
941772138008268800	51759517	1
941772138008268800	950098070771036160	1
942449962926960640	1272821807658172418	1
945102892956086272	1407091232292147208	1
945102892956086272	1463451886741123072	1
945102892956086272	763146166620057600	1
950822483770462208	951246650	1
952834075286495232	1004339803314446336	1
964213878	2525778087	1
964213878	4171327882	1
964213878	807581581	1
966702165095059456	1248341835770200064	1
966702165095059456	3026367370	1
966702165095059456	763146166620057600	1
969759516	283416650	1
969807489091981312	2525778087	1
969926737361604608	1463451886741123072	1
969926737361604608	464516274	1
970409903033651200	1250669646765834245	1
970720216551485440	1248341835770200064	1
970720216551485440	1722707281	1
970720216551485440	4171327882	1
970804857580990464	1106654538512154624	1
970804857580990464	1463451886741123072	1
970804857580990464	763146166620057600	1
971444556502831104	1000835549870075906	1
971444556502831104	2258523345	1
971444556502831104	29045944	1
971444556502831104	49427517	1
97220386	1434022273506324482	1
97220386	3045945338	1
97220386	763146166620057600	1
97220386	784525968	1
974274879708192768	569157754	1
975616683611181056	1400854572667703301	1
977605577827389440	2172713777	1
977605577827389440	618540945	1
97948686	738092501853216768	1
97948686	763146166620057600	1
985232020463935488	368920797	1
985232020463935488	425686235	1
986140489	1329155760	1
986140489	469677548	1
990546076179591168	987737436926173184	1
991060489714176000	1272821807658172418	1
99258785	1234825597194579968	1
99258785	419441999	1
995656932668174336	497441873	1
995656932668174336	98377867	1
99702635	1248341835770200064	1
99702635	1272821807658172418	1
997450507751952384	1074408932	1
997450507751952384	1248341835770200064	1
997450507751952384	1471660712548315137	1
997450507751952384	1683455144	1
